0.174881
0.346768
0.323095
0.278822
0.346378
0.33339
0.283646
0.309586
0.297844
0.253226
0.306357
0.272848
0.264054
0.302638
0.267282
0.22818
0.326248
0.248812
0.274251
0.285935
0.283246
0.283865
0.30791
0.279363
0.306111
0.277629
0.279313
0.204897
0.295765
0.316382
0.308251
0.278653
0.271731
0.292856
0.291261
0.284545
0.292708
0.330162
0.322615
0.26981
0.261019
0.295447
0.287832
0.279898
0.273755
0.269606
0.293602
0.341926
0.285751
0.300022
0.342019
0.274167
0.219502
0.278241
0.272143
0.287442
0.297706
0.326261
0.28904
0.286186
0.275668
0.256092
0.296684
0.281305
0.304814
0.329408
0.317536
0.325367
0.308443
0.296571
0.280347
0.282132
0.336519
0.242602
0.278358
0.285697
0.154866
0.255107
0.270292
0.262106
0.264306
0.261505
0.296553
0.314564
3.44659
0.292948
0.309183
0.261394
0.285079
0.304449
0.295575
0.295289
0.267316
0.281535
0.307432
0.288265
0.340135
0.303305
0.291782
0.269838
0.277709
0.305705
0.282959
0.278949
0.319018
0.283064
0.273798
0.276891
0.325613
0.290766
0.285917
0.293151
0.284169
0.281752
0.285926
0.308462
0.292392
0.274802
0.282964
0.292823
4.05584
0.301583
0.301216
0.301716
0.248533
0.287117
0.250337
0.277711
0.293802
0.277728
0.208364
0.264548
0.293108
0.320299
0.286393
0.276537
0.261234
0.280767
0.296224
0.282878
0.281949
0.302051
0.308699
0.293185
0.302903
0.322645
0.333736
0.292573
0.275667
0.278394
0.295168
0.272183
0.340772
0.295925
0.274866
0.299404
0.277182
0.282175
0.308627
0.245402
0.282271
0.307158
0.289425
0.281099
0.341149
0.286081
0.279509
0.295247
0.280815
0.31507
0.28764
0.286512
0.281113
0.319695
0.285865
0.287024
0.286642
0.299446
0.248088
0.313763
0.286613
0.31151
0.304184
0.285767
0.297894
0.299415
0.283262
0.289679
0.284606
0.297123
0.279517
0.312733
0.300961
0.31899
0.328534
0.262253
0.293948
0.28416
0.246179
0.289702
0.321004
0.318602
0.307453
0.296995
0.305224
0.28087
0.303612
0.331246
0.273458
0.294674
0.221943
0.288018
0.266094
0.266804
0.269832
0.282087
0.340709
0.282249
0.29017
0.273976
0.295762
0.310241
0.28061
0.280953
0.288883
0.297726
0.290881
0.285334
0.322249
0.338239
0.275311
0.29926
0.285635
0.270485
0.288183
0.313588
0.296654
0.352152
0.29891
0.302654
0.289377
0.276624
0.265392
0.286132
0.288408
0.291331
0.290811
0.294763
0.273909
0.280902
0.292248
0.251846
0.256969
0.260985
0.281691
0.305001
0.292146
0.309194
0.307725
0.272829
0.266961
0.270124
0.284905
0.296685
0.271499
0.272271
0.276599
0.285311
0.294075
0.281675
0.280933
0.294367
0.312836
0.302483
0.291253
0.323552
0.289697
0.290635
0.331209
0.29428
0.332194
0.280288
0.284006
0.260902
0.277577
0.338066
0.310034
0.286556
0.347675
0.313102
0.299909
0.28347
0.307884
0.28114
0.325488
0.304814
0.292928
0.322018
0.284245
0.30179
0.28053
0.325488
0.296456
0.277948
0.284578
0.276215
0.273878
0.286713
0.337968
0.29044
0.282319
0.334463
0.285168
0.284536
0.288897
0.287857
0.294634
0.284303
0.302105
0.276176
0.293734
0.273386
0.329811
0.25187
0.273594
0.297839
0.255001
0.257156
0.290581
0.336335
0.310913
0.275155
0.264586
0.287366
0.290148
0.284043
0.270427
0.293802
0.2689
0.318179
0.303253
0.301352
0.290291
0.293519
0.276671
0.27576
0.29394
0.313841
0.28485
0.2827
0.282269
0.302155
0.273292
0.304666
0.281785
0.279665
0.276176
0.293722
0.286137
0.284845
0.285175
0.295207
0.279826
0.283737
0.334084
0.277921
0.287079
0.279457
0.268933
0.294033
0.27278
0.280515
0.249896
0.236271
0.288413
0.271174
0.285248
0.257492
0.282107
0.299607
0.272035
0.289093
0.284775
0.29238
0.272151
0.278465
0.273037
0.30016
0.267957
0.260772
0.286175
0.2905
0.286175
0.280369
0.27376
0.286267
0.291598
0.28857
0.302321
0.299383
0.299316
0.297004
0.295097
0.278302
0.278624
0.281644
0.28834
0.28713
0.282142
0.311275
0.273824
0.285809
0.286477
0.285398
0.256945
0.309702
0.306589
0.333802
0.275696
0.284986
0.272927
0.307386
0.322289
0.288887
0.292246
0.276057
0.292838
0.317872
0.343929
0.285919
0.330218
0.280154
0.276508
0.264056
0.293135
0.281829
0.277969
0.2988
0.274614
0.311952
0.13602
0.283641
0.284275
0.293692
0.316389
0.280418
0.322741
0.310948
0.316122
0.287109
0.26954
0.274497
0.289894
0.290714
0.297997
0.274844
0.286889
0.280198
0.300959
0.296087
0.291408
0.289908
0.314205
0.283779
0.274266
0.2931
0.291731
0.279482
0.280955
0.27562
0.305585
0.31965
0.291749
0.277244
0.320875
0.297988
0.277985
0.294812
0.284776
0.285378
0.325744
0.274623
0.300282
0.294178
0.294396
0.283834
0.29717
0.28
0.300874
0.276279
0.323452
0.354529
0.293313
0.327182
0.330002
0.282226
0.293968
0.335973
0.276364
0.283867
0.292086
0.309492
0.200371
0.312105
0.339426
0.310845
0.284892
0.241858
0.313311
0.330507
0.292101
0.300057
0.337017
0.284507
0.305054
0.283167
0.288888
0.319045
0.257156
0.277705
0.285968
0.266554
0.281654
0.294686
0.261503
0.298807
0.283944
0.337088
0.272172
0.279855
0.323354
0.276585
0.269529
0.29576
0.306956
0.380305
0.304663
0.281039
0.301638
0.324205
0.281206
0.288801
0.282182
0.279983
0.271745
0.316465
0.312687
0.247219
0.260858
0.304219
0.286684
0.312545
0.276933
0.269721
0.307309
0.283502
0.286313
0.279967
0.278853
0.306352
0.272769
0.277815
0.285678
0.281993
0.277831
0.257078
0.296461
0.274282
0.2836
0.31131
0.265894
0.26121
0.28148
0.325945
0.296149
0.319752
0.287447
0.28978
0.301849
0.304162
0.282464
0.262678
0.346661
0.29979
0.277421
0.284852
0.302732
0.268446
0.271376
0.270598
0.291768
0.290138
0.29671
0.279255
0.267755
0.328437
0.279132
0.306238
0.347207
0.26894
0.277421
0.276672
0.275492
0.278569
0.291564
0.325135
0.319629
0.294251
0.28693
0.324838
0.289278
0.279569
0.285519
0.303385
0.297144
0.255018
0.231265
-6.65685e-05
0.298764
0.299926
0.293317
0.271055
0.284948
0.349756
0.28523
0.295435
0.271287
0.280541
0.315435
0.284068
0.264892
0.304043
0.303987
0.281397
0.297751
0.307218
0.293764
0.315155
0.30661
0.275458
0.280693
0.306819
0.333516
0.300336
0.290393
0.313794
0.315663
0.273655
0.282211
0.28741
0.284239
0.277635
0.284529
0.325474
0.297089
0.292742
0.273406
0.277351
0.283459
0.272366
0.313203
0.26998
0.288729
0.280044
0.283432
0.32343
0.280115
0.348233
0.298218
0.299435
0.288051
0.23765
0.303147
0.307349
0.302422
0.306498
0.316567
0.27523
0.325381
0.320356
0.313606
0.28626
0.312627
0.292011
0.314117
0.278003
0.301386
0.302118
0.290135
0.318633
0.272355
0.310885
0.311208
0.310316
0.330728
0.306348
0.282749
0.28617
0.297716
0.311065
0.271741
0.30296
0.327567
0.328685
0.332848
0.294987
0.285928
0.251774
0.306098
0.293428
0.33312
0.302575
0.278039
0.29475
0.324526
0.308067
0.292361
0.324314
0.302841
0.319403
0.318669
0.278752
0.300589
0.325144
0.299004
0.282404
0.283668
0.290955
0.324694
0.271763
0.279596
0.313102
0.273549
0.321644
0.307275
0.296233
0.295974
0.311331
0.337068
0.284565
0.297632
0.303883
0.286747
0.332558
0.283711
0.289741
0.277535
0.298285
0.326728
0.299736
0.315061
0.210837
0.287086
0.333459
0.297703
0.315317
0.286037
0.29836
0.306559
0.315011
0.294963
0.285118
0.316123
0.33154
0.311446
0.285819
0.347541
0.328547
0.306716
0.304592
0.341572
0.285381
0.339614
0.320948
0.288376
0.266979
0.303293
0.294572
0.287666
0.277871
0.292794
0.31167
0.250112
0.306013
0.303131
0.294211
0.329224
0.291508
0.281633
0.27873
0.269834
0.320794
0.314024
0.277131
0.29655
0.287463
0.317836
0.270144
0.29163
0.292848
0.309993
0.289851
0.290113
0.336926
0.315578
0.322557
0.292318
0.284827
0.260367
0.304419
0.301028
0.296645
0.314293
0.334043
0.323094
0.298218
0.289167
0.270721
0.327553
0.336008
0.297591
0.412617
0.270769
0.302591
0.313928
0.280684
0.285806
0.343613
0.286223
0.32015
0.354161
0.291611
0.294405
0.342526
0.28992
0.311612
0.340746
0.260929
0.309591
0.295946
0.294615
0.296023
0.285409
0.302408
0.301214
0.32874
0.27872
0.306359
0.317839
0.283024
0.285653
0.305424
0.30907
0.335299
0.305929
0.292926
0.347351
0.28215
0.29929
0.292544
0.301427
0.245848
0.281527
0.321115
0.319376
0.31501
0.291304
0.274165
0.30955
0.283331
0.319205
0.302624
0.290466
0.306499
0.277344
0.321831
0.290227
0.324242
0.29332
0.284628
0.327449
0.272849
0.301973
0.305899
0.278909
0.280173
0.312638
0.310576
0.290099
0.241556
0.320143
0.303442
0.304967
0.298751
0.262553
0.302383
0.316233
0.31615
0.30708
0.281072
0.300134
0.257774
0.317506
0.276541
0.304203
0.326046
0.290628
0.299635
0.274933
0.354569
0.304201
0.309056
0.284225
0.339607
0.307009
0.300257
0.289775
0.320708
0.283716
0.309177
0.333139
0.328829
0.291262
0.314779
0.308634
0.291951
0.295533
0.310126
0.308084
0.298581
0.290773
0.325694
0.28014
0.311873
0.326367
0.312198
0.278861
0.299499
0.302016
0.325131
0.279222
0.282367
0.288068
0.309148
0.276469
0.305693
0.301555
0.303673
0.302156
0.307195
0.296036
0.283742
0.292546
0.30452
0.335379
0.40875
0.275766
0.303971
0.337094
0.30928
0.333454
0.298104
0.283657
0.275092
0.297611
0.288336
0.336094
0.293856
0.299588
0.334291
0.303576
0.312851
0.3304
0.282625
0.279208
0.307853
0.285602
0.231406
0.292142
0.297504
0.282519
0.278518
0.248725
0.280726
0.323343
0.301577
0.297902
0.288807
0.288976
0.344684
0.273005
0.278418
0.34589
0.292113
0.340669
0.286357
0.311262
0.304297
0.335327
0.301311
0.324532
0.29312
0.320411
0.310441
0.309454
0.314067
0.291137
0.354185
0.34343
0.285385
0.291304
0.334692
0.284532
0.323987
0.340415
0.28886
0.336396
0.269799
0.277055
0.300226
0.290136
0.343399
0.324164
0.270824
0.33345
0.283622
0.329941
0.280241
0.288348
0.279716
0.290594
0.343983
0.299341
0.305174
0.295862
0.291444
0.243103
0.337356
0.286431
0.288269
0.34338
0.307368
0.316019
0.307369
0.290565
0.28561
0.309272
0.295465
0.326796
0.288829
0.294416
0.281274
0.324595
0.311751
0.344885
0.291362
0.332718
0.306119
0.277467
0.282593
0.281862
0.336955
0.313821
0.276022
0.273705
0.298869
0.312212
0.308221
0.309653
0.291009
0.285602
0.321759
0.31541
0.306647
0.327142
0.312523
0.334046
0.288371
0.293643
0.343822
0.322362
0.314619
0.292212
0.290306
0.286592
0.283089
0.333589
