 2142522|       |     |    |13.32|1.11
 2307415|2053.01|13.12|1.65|13.12|1.57
 2441495| 166.01|12.49|2.70|12.49|1.99
 2444412| 103.01|14.91|2.97|14.91|3.41
 2571238|  84.01| 9.29|2.53| 9.29|2.82
 2853446|1118.01| 7.37|2.52| 7.37|1.65
 3098810|1878.01|40.81|3.24|40.81|2.75
 3120904|       |     |    |42.91|1.59
 3342794|2278.01|14.17|1.99|14.17|1.68
 3442055|1218.01|29.62|2.22|29.62|1.72
 3531558| 118.01|24.99|1.41|24.99|1.85
 3545135|       |     |    | 8.48|0.90
 3835670| 149.01|14.56|5.50|14.56|4.93
 3839488|1216.01|11.13|1.57|11.13|1.64
 3852655|       |     |    |11.63|0.97
 3942670| 392.02|12.61|1.33|     |    
 3942670| 392.01|33.42|2.27|33.42|2.13
 4043190|1220.01| 6.40|1.95| 6.40|2.86
 4049901|2295.01|16.29|0.63|16.29|0.60
 4548011|       |     |    | 6.28|0.83
 4644604| 628.01|14.49|1.87|14.49|2.32
 4770174|       |     |    | 6.10|0.63
 4827723| 632.01| 7.24|1.46| 7.24|1.54
 4914423| 108.01|15.97|2.94|15.97|3.05
 4914566|       |     |    |22.24|1.18
 5009743|1609.01|41.70|2.34|41.70|2.32
 5042210|2462.01|12.15|1.37|12.15|1.16
 5094751| 123.01| 6.48|2.64| 6.48|2.02
 5094751| 123.02|21.22|2.71|     |    
 5096590|       |     |    |29.61|0.79
 5121511| 640.01|31.00|2.43|31.00|2.15
 5308537|       |     |    |14.27|1.05
 5446285| 142.01|10.92|4.08|     |    
 5561278|1621.01|20.31|2.48|20.31|1.45
 5613330| 649.01|23.45|2.31|23.45|2.70
 5652893|       |     |    |14.01|0.97
 5702939|       |     |    |18.40|1.04
 5735762| 148.02| 9.67|3.14| 9.67|2.51
 5735762| 148.03|42.90|2.35|     |    
 5866724|  85.01| 5.86|2.35| 5.86|2.37
 5866724|  85.03| 8.13|1.41|     |    
 5959719|2498.01| 6.74|0.78| 6.74|0.83
 6061773|2001.01| 8.28|2.39|     |    
 6071903| 306.01|24.31|2.28|24.31|2.06
 6197215|       |     |    |10.61|1.46
 6289257| 307.02| 5.21|1.15|     |    
 6289257| 307.01|19.67|1.80|19.67|1.61
 6291837| 308.01|35.60|3.15|35.60|3.05
 6356692|       |     |    |11.39|1.19
 6365156| 662.01|10.21|2.05|10.21|2.13
 6442340| 664.02| 7.78|1.19|     |    
 6442340| 664.01|13.14|1.83|13.14|1.63
 6442340| 664.03|23.44|1.19|     |    
 6521045|  41.02| 6.89|1.23|     |    
 6521045|  41.01|12.82|2.08|12.82|1.85
 6521045|  41.03|35.33|1.40|     |    
 6523351|       |     |    | 6.07|1.06
 6605493|2559.01| 9.31|0.99| 9.31|1.20
 6607357|       |     |    | 7.70|0.84
 6678383| 111.01|11.43|2.14|     |    
 6678383| 111.02|23.67|2.05|     |    
 6707835| 666.01|22.25|2.56|22.25|2.42
 6716545|       |     |    |13.91|1.03
 6803202| 177.01|21.06|1.84|21.06|1.77
 6850504|  70.04| 6.10|0.91|     |    
 6850504|  70.01|10.85|3.09|     |    
 6850504|  70.05|19.58|1.02|     |    
 6851425| 163.01|11.12|2.27|11.12|1.80
 6922710|2087.01|23.13|1.54|23.13|1.18
 7021534|       |     |    | 9.07|1.35
 7033671| 670.01| 9.49|1.92| 9.49|2.03
 7211221|1379.01| 5.62|1.06| 5.62|1.23
 7219825| 238.01|17.23|2.40|17.23|2.54
 7219825| 238.02|26.69|1.35|     |    
 7345248|       |     |    | 5.66|0.81
 7419318| 313.02| 8.44|1.61|     |    
 7419318| 313.01|18.74|2.20|18.74|1.89
 7466863|       |     |    |11.97|2.89
 7582689|       |     |    |11.92|1.34
 7668663|1898.01| 6.50|1.50| 6.50|1.79
 7700622| 315.01|35.59|2.14|35.59|2.13
 7762723|       |     |    | 9.89|0.64
 7810483|       |     |    |29.92|1.70
 7906739|       |     |    | 7.01|0.80
 7906892|       |     |    | 8.85|0.72
 7918652|       |     |    |11.46|1.02
 8008067| 316.01|15.77|2.72|15.77|2.66
 8009496|       |     |    |38.48|1.74
 8073705|       |     |    |10.60|0.91
 8077137| 274.01|15.09|1.12|15.09|0.99
 8077137| 274.02|22.80|1.13|     |    
 8081187|       |     |    |37.32|1.57
 8087812|       |     |    |27.21|1.55
 8242434|1726.01|44.96|5.25|44.96|1.92
 8280511|1151.01| 5.22|0.84|     |    
 8280511|1151.02| 7.41|0.97|     |    
 8280511|       |     |    |10.44|1.36
 8323753|       |     |    | 6.71|2.71
 8349582| 122.01|11.52|2.78|11.52|3.15
 8429668|       |     |    | 5.01|0.52
 8480285| 691.02|16.23|1.25|     |    
 8480285| 691.01|29.67|2.92|29.67|2.89
 8494617|2389.01|22.92|1.45|22.92|1.27
 8554498|   5.02| 7.05|0.66|     |    
 8560804|       |     |    |31.98|1.09
 8611832|2414.01|22.60|1.03|22.60|1.17
 8611832|2414.02|45.35|1.17|     |    
 8628758|1279.02| 9.65|0.74|     |    
 8628758|1279.01|14.37|1.31|14.37|2.26
 8631504|2503.01|14.82|2.41|14.82|0.95
 8644365|       |     |    |19.92|1.31
 8804455|2159.01| 7.60|1.01| 7.60|1.33
 8805348| 695.01|29.91|2.51|29.91|2.69
 8822366|1282.01|30.86|3.00|30.86|1.76
 8827575|       |     |    |10.13|0.82
 8866102|  42.01|17.83|2.71|17.83|2.08
 8962094| 700.02| 9.36|1.29|     |    
 8962094| 700.03|14.67|1.29|     |    
 8962094| 700.01|30.86|2.28|30.87|2.38
 8972058| 159.01| 8.99|2.70| 8.99|2.39
 9006186|2169.01| 5.45|1.02| 5.45|0.81
 9086251|2367.01| 6.89|1.17| 6.89|1.38
 9139084| 323.01| 5.84|2.17| 5.84|1.92
 9226339|       |     |    |21.46|1.50
 9288237|       |     |    | 7.49|0.54
 9471974| 119.01|49.18|3.76|     |    
 9491832|       |     |    |49.57|1.95
 9549648|1886.01| 5.99|2.45| 5.99|1.82
 9704384|1913.01| 5.51|1.40| 5.51|1.35
 9716028|       |     |    |17.37|1.03
 9717943|2273.01| 6.11|1.02| 6.11|1.00
 9886361|       |     |    | 7.03|1.08
10055126|1608.01| 9.18|1.81| 9.18|1.59
10055126|1608.02|19.74|1.58|     |    
10130039|1909.02| 5.47|1.15|     |    
10130039|1909.01|12.76|1.52|12.76|1.31
10130039|1909.03|25.10|1.63|     |    
10136549|1929.01| 9.69|2.00| 9.69|1.98
10212441|2342.01|15.04|1.22|15.04|1.13
10593535|       |     |    |20.92|1.27
10722485|       |     |    | 7.85|0.98
10917433|       |     |    | 6.91|0.62
11086270| 124.01|12.69|3.00|     |    
11086270| 124.02|31.72|3.58|31.72|2.24
11121752|2333.02| 7.63|1.63| 7.63|1.22
11133306| 276.01|41.75|2.49|41.75|2.27
11241912|       |     |    |14.43|1.10
11250587| 107.01| 7.26|3.09| 7.26|3.18
11253711|1972.01|17.79|1.93|17.79|1.92
11295426| 246.01| 5.40|2.53| 5.40|2.68
11402995| 173.01|10.06|2.48|10.06|2.56
11554435|  63.01| 9.43|6.30| 9.43|5.60
11560897|2365.01|35.97|1.59|35.97|2.03
11612280|       |     |    | 9.41|1.15
11771430|2582.01|40.03|1.98|40.03|2.10
11774991|2173.01|37.82|1.24|37.82|1.10
11818872|2581.01|12.74|0.90|     |    
12254909|2372.01| 5.35|1.11| 5.35|0.88
12301181|2059.01| 6.15|0.59| 6.15|0.84
12416661|       |     |    | 8.05|1.02
12454461|2463.01| 7.47|1.07| 7.47|1.16
12737015|       |     |    |24.67|1.84
