5.920601178193721559e+00
5.712605683147540248e+00
5.730298920106230653e+00
2.125632318205588511e+00
5.572859672229011352e+00
8.245855477689223889e+00
6.563333823669164957e+00
4.820550163787606479e+00
3.152870409372058980e+00
9.534286677466512927e+00
5.100839132771458395e+00
5.615188507868389856e+00
5.090863993188750491e+00
7.296329374572479765e+00
5.503384192087199089e+00
6.810060429365123014e+00
2.603337113547147474e+00
5.721561123763681422e+00
2.418174413750613816e+00
5.846826069012581506e+00
