6.234896402557533079e+00
6.132833598958195687e+00
1.065372952427488151e+01
3.920490808573953601e+00
5.354234731523436430e+00
4.824096435404131356e+00
1.470281416388946916e+01
5.325670736305403885e+00
5.970087172855195412e+00
7.105945789359736864e+00
3.853606297315822271e+00
4.589001891963261137e+00
6.946380580494907697e+00
5.023069158137609236e+00
5.998960457902855481e+00
4.192211603943522213e+00
7.904574566586659579e+00
2.561750634098211243e+00
4.378769342345333548e+00
6.008287103997495215e+00
