ra dec u g r i z 
0.52320201 0.34491534 19.949909 20.129381 20.397356 20.566881 20.938648 
0.5960661 27.39957604 17.441706 17.644575 17.855207 18.111013 18.361887 
1.19606213 24.11768372 20.165751 20.064587 20.248802 20.407995 20.443857 
1.83421093 -0.39040511 18.128899 18.200962 18.498997 18.775711 19.061771 
1.87812666 27.85330326 19.605217 19.614727 19.777073 20.059095 20.194319 
1.87987882 -9.98039239 19.472178 19.575106 19.918007 20.136425 20.15839 
1.92753646 25.40625783 19.82436 19.980553 20.315239 20.691982 20.898819 
2.53598427 -0.31161963 20.429415 20.467566 20.696997 20.919355 20.430916 
3.02512303 -10.50140865 19.790958 19.901966 20.222551 20.497429 20.967569 
3.87392777 1.08925524 18.727911 18.949652 19.415401 19.726004 20.084564 
4.48551401 -9.24257201 19.759449 19.91312 20.186386 20.428194 20.47084 
5.4607371 -0.94165572 19.965195 20.085182 20.409836 20.636257 20.940638 
5.51035603 -0.63741656 18.681156 18.770721 18.938768 19.240957 19.385386 
5.69630567 15.47555114 19.810947 19.863581 20.120914 20.448326 20.50272 
6.64118211 0.90717197 18.870342 18.918554 19.219578 19.561531 19.793018 
8.12548086 0.19404448 18.598022 18.617704 18.889639 19.126593 19.373474 
8.65275788 0.52816922 18.468315 18.576145 18.829391 19.104736 19.367594 
9.56803083 0.8739014 19.386181 19.507732 19.764372 20.038853 20.007408 
9.6402369 24.33954835 18.692446 18.742172 19.092754 19.341448 19.435886 
10.50195879 24.27981367 18.790211 18.857183 19.087807 19.368372 19.545752 
10.63601314 25.7909241 20.207706 20.154438 20.320168 20.532404 20.677515 
10.92387292 0.39012055 20.151121 20.18115 20.427759 20.51358 20.584873 
10.99250151 14.77199751 19.97146 19.88135 20.089773 20.270643 20.151836 
12.25202432 -9.70083534 18.599051 18.704926 19.027035 19.244305 19.515791 
13.13356148 13.82138938 20.233074 20.327587 20.457952 20.567675 22.162298 
14.13621246 -0.30422332 18.845699 19.032082 19.287844 19.629242 19.723667 
16.84760071 1.00226197 20.124592 20.199665 20.449652 20.416977 20.960075 
18.27745336 -0.84488418 19.226627 19.277086 19.602015 19.872026 20.112015 
18.89798521 0.76204669 18.889696 18.997101 19.317755 19.526001 19.765251 
19.67806161 25.36887593 20.697889 20.700216 20.776226 20.894962 20.865507 
19.69899458 -0.02836401 18.899611 18.961933 19.220188 19.471905 19.690332 
20.07280083 39.99096814 19.735811 19.701803 19.901079 20.135441 20.164267 
20.32676382 38.76857769 19.163902 19.259497 19.592508 19.794445 20.11018 
20.45087848 -0.18149402 16.186537 16.341721 16.481558 16.786491 17.048721 
21.36586653 6.51355163 19.422625 19.505705 19.805676 19.888025 19.694046 
21.88735618 13.50835646 18.684059 18.747122 18.979378 19.12635 19.493105 
22.16522436 39.79819289 19.412315 19.467798 19.765844 20.067875 20.293943 
22.68370582 15.22272207 19.301521 19.29051 19.528927 19.660931 19.824249 
22.75797504 14.40499271 20.42927 20.45503 20.732811 20.987911 21.296417 
24.60088022 -9.71804953 19.96607 19.979658 20.168007 20.380726 20.753273 
25.12205986 23.74587042 20.674559 20.489008 20.621153 20.89892 21.144657 
25.20416331 -1.05076684 18.857622 18.923546 19.151558 19.450836 19.665808 
25.83517497 -8.92705449 19.664309 19.588911 19.816351 20.209236 20.161188 
27.21729236 -8.52703194 17.929249 18.05946 18.318724 18.540691 18.812235 
29.12326536 13.29576519 17.926245 18.075758 18.363577 18.59474 18.858547 
29.89588422 13.00651891 17.433678 17.371748 17.603212 17.749289 17.956758 
30.95589877 22.27312991 20.318029 20.300329 20.405115 20.55982 20.774302 
31.36450932 14.59829545 18.515474 18.548771 18.776638 18.954241 19.156841 
32.76252402 7.68528017 19.485756 19.477186 19.727716 19.867434 20.055897 
34.05906623 -0.21925495 18.447983 18.544144 18.768982 19.041103 19.231133 
36.35116748 -8.05051243 18.982903 19.037725 19.248034 19.453217 19.629835 
37.57053655 -1.16406186 20.428921 20.514172 20.70134 20.821613 21.070133 
37.698479 -8.35893732 19.643852 19.747072 20.058893 20.319864 20.807192 
38.81046699 28.7983233 20.946966 20.795877 20.924236 21.07365 21.041885 
39.06018682 -8.13472199 18.985956 19.006802 19.174173 19.318527 19.433918 
39.07218808 -7.5834337 18.615576 18.617832 18.856377 19.067924 19.139729 
39.59676512 27.24772929 19.606134 19.620106 19.727682 19.882364 20.120022 
40.21131058 29.12896081 20.719446 20.550886 20.721336 20.80349 20.717697 
40.26290652 -7.67906693 20.267744 20.469124 20.774338 20.95957 20.613588 
40.61300981 -8.13337764 19.674057 19.69849 20.00511 20.219479 20.859499 
41.18202557 -0.87447208 19.250017 19.335056 19.612755 19.740505 19.954048 
43.47066484 33.46765821 18.77729 18.82538 19.153837 19.550104 19.91016 
44.49183661 34.29668964 20.535732 20.619879 20.8829 21.190117 21.589573 
45.72120213 -1.14273811 15.328615 15.402716 15.641175 15.873552 16.104008 
45.72634643 -8.18792306 19.849777 19.836626 20.006027 20.261169 20.38925 
45.86806474 6.89097253 20.732836 20.692459 20.830912 20.857601 20.766193 
46.06331532 0.06986578 20.065113 20.134937 20.301598 20.561968 20.542143 
46.31326965 1.12919959 20.083769 20.176001 20.490236 20.727818 20.448236 
47.34190699 1.09897809 18.986214 19.044706 19.263535 19.485607 19.778757 
48.5428395 -7.85725044 19.528759 19.540483 19.716352 19.947666 20.11524 
48.76194825 5.77982954 21.374779 21.10004 21.296698 21.310787 21.354546 
49.1636264 0.29634012 20.236712 20.205097 20.409121 20.588852 21.063324 
50.59220534 0.8666449 19.893831 20.024527 20.220741 20.453772 20.782076 
51.2201459 4.85186223 19.687614 19.51663 19.70479 19.854973 20.102148 
51.69127818 4.56366139 20.055635 20.042637 20.170412 20.345947 20.494787 
51.92866235 0.41748912 18.963715 18.909147 19.115837 19.270262 19.514301 
52.94174122 0.37568246 20.065399 20.162853 20.397455 20.490995 20.977388 
53.33266535 -0.60085307 19.779232 19.749884 19.822393 20.046209 20.23851 
55.47097775 -5.81830148 18.103718 18.251677 18.553715 18.840481 19.094255 
56.92481797 1.13994841 19.128065 19.061905 19.189198 19.354263 19.6329 
64.08767554 6.93704732 19.864273 19.818909 19.912451 20.109631 20.150173 
65.17826019 7.4438528 19.695673 19.731428 19.863583 20.05773 20.309046 
70.71714887 11.56205222 20.662064 20.198248 19.934885 19.889328 19.855543 
71.10768461 -7.02711366 20.078737 19.967648 20.292389 20.44269 20.535414 
72.53391644 -5.41561898 20.137386 20.253172 20.454048 20.535059 20.771847 
82.42325497 60.63518443 18.915066 18.821629 18.980429 19.153315 19.322985 
90.84654452 82.59696055 20.075525 20.113354 20.396482 20.579195 22.307302 
98.85277869 83.88798386 19.906967 19.978794 20.269547 20.434845 21.112827 
101.21791691 37.19563285 18.586697 18.652113 18.858242 19.063105 19.318642 
102.61177319 28.07201058 19.216139 19.267683 19.559841 19.819498 20.023228 
102.94298077 27.32426628 17.998152 18.246439 18.652946 18.949181 19.247782 
103.21150933 28.88153492 20.329756 20.411476 20.629774 20.949633 21.377924 
107.99650776 38.47954976 19.209639 19.303934 19.640955 19.942089 20.284105 
109.2877722 31.10739522 20.103615 20.103895 20.467234 20.617678 21.657536 
111.24931211 36.94043554 19.560219 19.694294 20.007195 20.267986 20.517548 
112.49629858 45.85598201 17.619625 17.675755 17.964098 18.183979 18.37665 
112.77533658 34.96137111 19.528315 19.624138 19.961901 20.149218 20.440622 
112.82920608 37.97066634 20.192997 20.342443 20.624945 20.856195 21.322432 
113.4827812 38.33906699 20.123884 20.142717 20.384258 20.680609 20.671778 
113.9678145 36.77632858 19.526121 19.577812 19.929272 20.150864 20.148048 
113.96933825 21.02664272 18.925661 19.002052 19.34836 19.683474 20.005024 
114.41612256 41.52429739 20.305761 20.377041 20.588945 20.879089 21.103365 
114.4544609 33.26628792 19.799738 19.871801 20.095768 20.534538 20.719559 
114.87259379 28.87195164 19.911324 20.033587 20.372156 20.65074 20.920446 
115.33642513 28.21265262 19.169067 19.159636 19.395716 19.598505 19.82864 
115.60581679 20.06597902 19.431219 19.509249 19.869982 20.16605 20.401028 
115.63991302 27.37742816 19.151356 19.178076 19.54841 19.648933 19.716644 
115.72355854 18.88520096 17.722424 17.76819 18.057224 18.281464 18.586987 
115.73872304 39.1050357 18.898052 18.918159 19.216064 19.448927 19.62797 
115.95462466 42.50154267 19.462643 19.560589 19.746901 19.917578 20.117466 
115.96308591 23.88946756 20.470682 20.491823 20.852837 20.947153 21.403597 
115.9638393 38.93771349 18.208076 18.323126 18.612591 18.861118 19.152647 
116.18082183 16.81418118 18.28363 18.373611 18.690151 18.970644 19.241735 
116.28095288 19.66680283 19.144722 19.244625 19.534561 19.76428 19.9687 
116.4090521 31.36816869 18.593779 18.909765 19.334656 19.625805 19.875355 
116.4467185 38.81001236 20.426739 20.449419 20.799282 20.963959 20.913881 
116.65839604 66.56075563 20.1674 20.271891 20.501083 20.648825 20.800526 
116.76245796 18.3070622 19.117355 19.122992 19.271427 19.487188 19.783342 
116.80445492 18.7888193 19.474386 19.557487 19.821276 20.041378 20.485237 
117.09695618 22.21981476 19.633282 19.507799 19.69879 19.86318 20.116104 
117.44263394 45.06291835 19.521383 19.654951 19.940086 20.138342 20.4443 
117.64144687 43.61468909 19.927372 19.906319 20.099321 20.241756 20.50676 
117.80799776 22.24539996 20.069006 20.044294 20.356199 20.610582 20.499388 
117.8394251 33.94736795 20.056339 20.081245 20.325827 20.513428 20.284706 
117.84715571 26.29561444 19.936428 20.045679 20.37183 20.742704 21.024708 
117.90354997 23.43707444 19.452118 19.545048 19.813395 20.080126 19.98103 
117.9183457 41.21236583 18.821136 18.852684 19.175205 19.413277 19.65481 
117.96708312 23.0706057 19.780594 19.887812 20.205105 20.402464 20.430437 
118.72164213 19.37365478 19.746698 19.860781 20.17568 20.454338 20.425955 
118.8363064 9.2993655 19.784082 19.771919 19.972017 20.191835 20.363518 
118.84945704 17.47366022 17.719103 17.865053 18.25824 18.544796 18.839424 
118.86890308 16.89626696 19.550312 19.629637 19.962297 20.293882 20.423689 
118.90922323 23.60740747 19.819794 19.831127 19.966471 20.282602 20.547674 
118.98331347 24.02047626 19.109493 19.157671 19.440199 19.671442 19.861029 
119.275811 41.76986697 20.289814 20.409012 20.614962 20.920868 20.758705 
119.3067997 54.16146621 19.001904 19.123997 19.414631 19.768616 20.115646 
119.63702804 16.12326501 19.715683 19.848007 20.101793 20.360487 20.53879 
119.75809414 26.13518212 19.497545 19.584221 19.821827 20.108946 20.271856 
119.78152472 43.56434292 19.483021 19.579992 19.837484 20.090057 20.33857 
119.90917662 23.8538707 19.476896 19.587793 19.910004 20.254898 20.789835 
120.05519193 38.63990281 19.434723 19.560911 19.844685 20.161676 20.337917 
120.06900217 35.04233486 20.21245 20.242313 20.433798 20.525364 20.70693 
120.3520202 14.76422052 20.321613 20.287516 20.647768 20.743635 21.237844 
120.87830304 36.04578696 19.921144 19.853512 20.020945 20.268549 20.416756 
120.95205149 39.52084545 17.37602 17.513426 17.821779 18.116039 18.389303 
120.99792975 40.23342312 19.853374 19.921459 20.229767 20.496138 20.321236 
121.0621937 47.20237804 19.48554 19.509367 19.723116 19.928345 20.652811 
121.24813016 35.22432868 18.600006 18.569183 18.742405 18.950268 19.183388 
121.78899869 43.93353168 19.724112 19.888458 20.10763 20.471331 20.705196 
121.94939042 8.22114327 19.392059 19.419079 19.68318 19.907526 20.303085 
121.95156447 34.05582884 20.268288 20.378035 20.650539 20.817604 20.468945 
122.17381636 -7.48133893 19.030321 19.119417 19.453678 19.621233 19.893152 
122.23687575 31.7710045 20.037203 20.053074 20.222097 20.36364 20.619755 
122.31874705 20.21338102 19.596132 19.626249 19.814775 20.072308 20.231991 
122.5464405 21.76121968 18.465229 18.566584 18.822062 19.232376 19.539352 
122.62167106 34.18674211 19.325411 19.360144 19.541075 19.726412 19.851748 
123.09937705 25.81194421 19.169886 19.304092 19.672977 19.860254 20.043026 
123.21269531 16.12463481 19.673874 19.736179 19.958755 20.216309 20.630388 
123.35327489 19.40399102 20.263704 20.39703 20.81406 21.067299 20.632607 
123.43924444 36.86125587 18.755154 18.814327 19.182442 19.508944 19.822836 
123.72317213 30.1263592 18.555277 18.663925 19.026484 19.294302 19.604803 
123.79555002 28.06300503 19.764965 19.83289 20.146963 20.364721 20.39023 
124.14903925 12.67366107 18.838718 18.988085 19.344051 19.629118 19.96793 
124.23405459 20.82945592 16.825268 16.999615 17.349997 17.65538 17.988197 
124.64625986 -0.09803688 19.518196 19.684372 19.963224 20.233423 20.490789 
124.76747724 35.71551465 18.164433 18.217125 18.499041 18.861738 19.050827 
124.96762454 14.33704207 18.720661 18.828947 19.638853 19.461168 19.603882 
125.17292836 6.34023629 19.951946 20.041363 20.289419 20.515457 20.969614 
125.21767108 33.43057091 19.854868 19.889666 20.21207 20.418112 20.570311 
125.41970131 8.24875919 19.936457 20.110546 20.403904 20.648733 20.792482 
126.79195794 44.497519 19.327162 19.360346 19.606581 19.753531 20.081539 
126.86627409 42.55131466 19.97496 19.995544 20.34095 20.561352 20.620323 
127.21889461 8.8086986 19.949268 20.14213 20.453533 20.780876 20.73473 
127.46432153 29.4397307 19.549595 19.551727 19.759483 19.969913 20.289745 
127.59099903 -3.96829956 19.314426 19.316374 19.645817 19.887527 20.128683 
127.64644634 56.74981878 17.171764 17.313574 17.704634 17.988695 18.241241 
127.73725743 25.64826883 19.273376 19.335039 19.598043 19.847605 20.051857 
127.74728111 19.53730425 18.890413 18.942657 19.209551 19.491306 19.624039 
128.13112723 44.56032089 19.7208 19.810068 20.159416 20.37936 20.414888 
128.37993787 -5.39330444 19.951727 20.106359 20.417816 20.582245 20.769751 
128.42522084 4.88114027 18.573908 18.622528 18.937435 19.152828 19.202652 
128.43351512 25.37497875 19.406878 19.438679 19.749348 19.942865 20.330263 
128.53028236 38.84933552 18.547585 18.661821 18.977772 19.2372 19.468258 
128.55018643 51.61877633 18.743227 18.744905 18.909227 19.11132 19.444368 
128.56436196 25.80553481 18.161659 18.34304 18.726503 18.998875 19.253824 
128.58495844 23.26683587 19.418659 19.624056 20.046143 20.364202 20.771896 
128.71168401 16.06894965 19.664169 19.71245 19.93111 20.133848 20.213064 
128.7400441 8.19561382 18.721241 18.871346 19.141914 19.463724 19.693821 
128.96075292 4.96539526 19.823429 19.954302 20.219969 20.520454 20.514404 
129.12193624 -4.11117677 19.608139 19.797308 20.182627 20.445478 21.022728 
129.29123571 24.10139213 19.926115 20.010683 20.300747 20.542233 20.859716 
129.40184302 29.64026871 19.678703 19.720205 20.067863 20.297466 20.383398 
129.77115829 25.89399417 18.993362 18.957657 19.145744 19.333033 19.795061 
129.7754176 43.41650023 18.336712 18.399118 18.616863 18.789446 19.022661 
129.85347727 18.90062661 18.949135 19.090801 19.32361 19.617041 19.838625 
129.89792158 7.75212446 20.055901 20.142899 20.444521 20.671816 20.637829 
130.09499135 31.27238829 19.854872 19.837366 20.01922 20.417572 20.791796 
130.54707708 46.30526021 18.293484 18.483753 18.749203 19.070293 19.343254 
130.60381814 17.40067674 19.97423 20.105692 20.4727 20.749599 20.767233 
130.68719646 29.91230937 18.895105 18.987892 19.257877 19.537687 19.976894 
130.89331243 22.90227245 19.679358 19.721697 20.084131 20.332663 20.333559 
130.96187789 36.23877293 16.897467 17.034086 17.382835 17.670496 17.897278 
131.12786456 10.97030555 19.06452 19.134939 19.371902 19.648163 19.857903 
131.21438886 19.9968853 19.782417 19.853077 20.201801 20.495014 21.202305 
131.23361474 7.85904554 19.659893 19.609247 19.852842 20.035912 20.292477 
131.8680402 8.23598981 19.176039 19.213562 19.558405 19.824802 20.18108 
131.89478117 9.95184749 18.600443 18.778198 19.097967 19.28688 19.64941 
132.09801669 3.53798374 19.214502 19.453545 19.874788 20.253101 20.470749 
132.31741965 1.62257677 19.304804 19.451651 19.788197 20.045761 20.530413 
132.35563211 41.97935054 20.134508 20.231861 20.437489 20.728626 21.025597 
132.47121972 10.93923048 17.758982 17.942196 18.314024 18.597353 18.958714 
132.67082655 27.37255567 19.800634 19.806314 20.085623 20.295847 20.330112 
132.81928337 25.1345825 19.262074 19.380255 19.673033 19.862131 20.162832 
132.89531641 11.70493745 19.278431 19.50614 19.91716 20.191195 20.472418 
132.97687546 7.92802109 19.470367 19.503119 19.864891 20.11351 20.262739 
133.01017487 21.51012964 18.102358 18.224489 18.559708 18.886938 19.107359 
133.0228793 3.23721922 18.509895 18.543087 18.813889 19.05018 19.327017 
133.05624352 1.28523555 19.468824 19.676479 19.988688 20.281485 20.477133 
133.06991807 61.04040763 18.821245 18.830824 19.126457 19.387266 19.593098 
133.32752664 3.41241794 19.912663 20.346022 20.817753 21.317036 21.558558 
133.61654598 38.14489562 18.39468 18.453651 18.691692 18.904142 19.075373 
133.64238085 56.62053162 20.138975 20.21685 20.559807 20.736986 20.632862 
133.68695195 15.48378825 19.174297 19.401979 19.741879 19.990202 20.437685 
133.96476949 1.60961113 19.480873 19.521744 19.823269 20.142036 19.966311 
134.32117093 38.03501805 19.13509 19.138668 19.288754 19.437193 19.692747 
134.3341305 36.0285488 18.641605 18.701597 19.041615 19.29287 19.604088 
134.5806978 29.09295871 19.3444 19.495329 19.778492 20.180492 20.12772 
134.59214617 13.23028259 18.858721 18.967363 19.342693 19.598772 19.715189 
134.6039603 59.00359745 18.758574 18.918619 19.285011 19.531261 19.762789 
134.95958199 -0.06101469 20.008236 20.177414 20.548119 20.793367 20.983162 
134.96892583 24.91926175 19.108585 19.199333 19.550432 19.801876 19.920969 
134.98298707 8.0270089 20.337412 20.357615 20.53676 20.844196 20.655668 
134.98815014 5.48159395 19.959412 20.126574 20.386513 20.728943 20.683594 
135.15916402 -0.76342512 19.316797 19.397753 19.738165 20.055117 20.225685 
135.44427316 9.6749415 18.612705 18.678017 18.928673 19.146997 19.451551 
135.66557152 36.74946955 17.253437 17.349155 17.672184 17.902903 18.178738 
135.84343621 83.76388979 18.336998 18.470535 18.882563 19.154144 19.495504 
136.03764854 1.46138823 17.839483 17.969595 18.306999 18.59959 18.859753 
136.17437168 43.62855066 19.745031 19.940041 20.206085 20.528568 20.732767 
136.23383607 52.84162412 18.667923 18.951288 19.396067 19.739752 19.929598 
136.33175318 12.75083148 19.812538 19.829073 20.079556 20.403353 20.277252 
136.41024908 29.10287729 16.852232 16.965548 17.282669 17.566835 17.842165 
136.48942607 52.8470379 18.975801 19.002542 19.243958 19.437883 19.623732 
136.50125395 2.2236318 19.880846 19.949207 20.246977 20.417948 20.158062 
136.91646164 10.44164572 20.016415 19.998953 20.297815 20.632166 20.588634 
137.10550132 22.31351955 20.160892 20.269295 20.655125 20.806065 21.195875 
137.2581653 5.93882495 19.1073 19.220146 19.47151 19.718256 19.795994 
137.56559845 39.81941664 19.441973 19.536007 19.770447 20.074827 20.297478 
137.62260363 9.03476954 16.984686 17.088905 17.395658 17.631077 17.873596 
137.80417448 3.19083522 17.608589 17.601469 17.844604 18.063889 18.278393 
138.14354117 35.30223292 20.1091 20.213493 20.564592 20.933178 20.940332 
138.46911484 8.04611009 19.363419 19.387148 19.65884 19.890202 20.167072 
138.51478113 19.33964692 19.642513 19.716097 19.951736 20.205803 20.413116 
138.65189847 1.75403415 20.279753 20.37508 20.496336 20.743923 21.087034 
139.05451377 29.70200624 20.025299 20.069641 20.316711 20.547617 20.810066 
139.2451967 33.98734954 20.175344 20.315155 20.60787 20.894318 21.632135 
139.26217412 39.82044276 20.306915 20.407774 20.736185 20.899136 20.664886 
139.27058018 6.30950981 19.467546 19.600569 19.927965 20.168036 20.35697 
139.28125998 63.95734599 19.21142 19.19945 19.445894 19.707317 20.058926 
139.48179495 0.56436061 18.634739 18.744352 19.122349 19.286247 19.488924 
139.51778131 22.4949717 20.332563 20.334579 20.575623 20.82671 20.695635 
139.59764813 2.30146276 19.550886 19.62524 19.924662 20.180788 20.642618 
139.61899232 22.67294166 19.224743 19.168922 19.348654 19.536514 19.679325 
139.62373991 43.63625439 19.360302 19.3897 19.623526 19.811073 20.189655 
139.77422688 20.38797031 17.146828 17.258818 17.585533 17.854782 18.15943 
139.99192296 57.89495625 19.638252 19.612404 19.78245 19.977919 20.446888 
140.07466912 24.54159444 19.501631 19.48513 19.707275 19.888559 20.174858 
140.14886956 1.82317815 20.283062 20.304546 20.578989 20.846405 21.541601 
140.50407743 0.14286914 18.439533 18.550495 18.939726 19.178606 19.492353 
140.6631212 1.45722237 18.746574 18.769833 18.908434 19.153429 19.250275 
140.67271473 36.63837847 20.420801 20.469137 20.851334 21.190145 21.693691 
140.70165171 7.61082235 20.127857 20.288378 20.610413 20.816021 21.113245 
140.79407523 20.431993 19.960848 20.006983 20.246063 20.455572 20.793297 
141.04415844 40.28489186 20.151167 20.178543 20.530695 20.755751 20.822138 
141.0609 9.16117871 18.628691 18.633821 18.935276 19.11792 19.308357 
141.11376009 60.7782745 19.587828 19.683689 20.000113 20.307394 20.5809 
141.21974375 2.12007609 18.554701 18.551649 18.777555 18.96472 19.26531 
141.2504934 66.998267 19.544361 19.464214 19.578241 19.792009 20.253769 
141.43505292 41.80088996 19.102888 19.276022 19.835938 20.296227 20.285191 
141.49548781 59.48558024 19.71467 19.764456 20.060911 20.288612 20.268597 
141.64429196 9.86143609 20.048962 20.124506 20.436949 20.596455 20.80065 
141.68071127 54.06856178 20.32239 20.305037 20.597858 20.782717 21.062729 
141.71427366 25.81637655 19.74497 19.837486 20.127304 20.332104 20.417107 
141.81256421 22.17858256 20.228062 20.272261 20.521982 20.695475 20.959604 
142.19404522 49.70255163 18.883942 18.974411 19.241007 19.455593 19.74828 
142.26583651 59.90166421 19.533108 19.578321 19.842598 19.998728 20.421854 
142.4640719 7.33414695 20.216532 20.324217 20.665403 20.904383 21.192633 
142.57005188 5.6339903 20.000544 20.011726 20.285393 20.649059 21.298788 
142.66706876 5.69007231 19.730524 19.755484 20.047985 20.223667 20.455585 
142.67416748 1.25233775 19.166737 19.231289 19.625456 19.83082 20.013046 
142.84526188 36.36928448 19.859274 20.001997 20.352301 20.596596 20.796848 
142.90952105 3.17021227 19.302261 19.417618 19.796297 20.068558 20.076693 
143.62211337 35.32922127 19.787632 19.934904 20.186069 20.567822 20.944374 
143.62492102 56.92595788 20.37492 20.36521 20.605265 20.764395 20.633339 
143.70279522 17.61424674 19.737198 19.786974 20.025658 20.315588 20.49608 
143.72599297 30.68515023 19.659996 19.793934 20.117203 20.359465 20.572496 
144.01370287 56.04937769 19.901649 19.901501 20.179344 20.331316 20.408979 
144.04257828 30.51366327 19.904148 20.015892 20.289373 20.52096 20.758171 
144.12919562 56.94386138 19.790312 19.923901 20.195517 20.505877 20.661755 
144.49799627 9.28144521 18.341793 18.530685 18.856785 19.188128 19.314348 
144.57997092 25.62665339 18.307091 18.446392 18.700283 19.010462 19.352955 
144.6873698 2.29877682 19.993311 20.413404 20.847208 21.262352 21.576597 
144.69194539 53.27574166 20.099884 20.162191 20.508453 20.751419 20.91531 
144.70563733 41.77914945 20.069555 20.174152 20.520016 20.779013 21.207354 
144.73207003 2.61587818 20.006516 20.039715 20.266125 20.455912 20.542627 
144.73937145 0.40798367 19.780439 19.73896 20.00033 20.159567 20.462748 
144.83767474 38.72892158 19.393242 19.590521 20.01634 20.337299 20.707184 
144.85106134 0.1960187 18.063524 18.144226 18.450981 18.728548 19.072521 
145.15971149 28.95155453 19.617598 19.700024 19.899729 20.172653 20.465347 
145.20652127 33.98140034 18.016001 18.132179 18.429358 18.647837 18.921766 
145.60049148 44.91479147 20.091877 20.204973 20.48971 20.76388 21.035704 
145.76506189 46.48715896 19.392006 19.786602 20.178377 20.531034 20.824036 
145.87094802 39.46694275 19.147764 19.205177 19.534313 19.777344 20.060686 
145.89786805 52.31012163 20.323149 20.327908 20.673693 21.08519 21.059137 
146.04654546 31.05943259 18.886845 18.917191 19.192511 19.413559 19.733677 
146.39375017 34.58206772 17.951708 18.081303 18.440027 18.706646 18.906065 
146.66153719 62.2998802 19.835867 19.762537 20.001514 20.083847 20.901569 
146.85987399 7.91852618 19.272774 19.356886 19.650787 19.880503 20.256401 
147.42829508 44.48958997 19.652058 19.739271 19.934139 20.231478 20.307707 
147.616129 0.09323269 18.411234 18.506981 18.826031 19.105118 19.348791 
147.64795429 48.63297491 18.748758 18.761543 18.948433 19.163151 19.444962 
147.9245739 50.287725 18.121754 18.235247 18.490458 18.789919 19.091192 
148.12098384 45.85852818 19.169264 19.264082 19.576597 19.869169 19.860498 
148.2361784 1.90213429 17.31632 17.505701 17.856058 18.169167 18.459911 
148.40828778 49.57770622 18.853252 19.09458 19.444242 19.690931 20.115067 
148.44562386 43.32564265 20.121922 20.202036 20.382711 20.611895 20.398264 
148.48593585 41.44719027 18.946171 18.978695 19.285915 19.578632 19.738297 
148.60347677 23.07195236 20.072371 20.104803 20.377733 20.595224 21.665062 
148.66860157 12.15476396 18.624052 18.964794 19.350342 19.664154 19.878885 
148.72968645 44.05843845 18.115473 18.161428 18.536684 18.76906 19.047054 
148.81365933 35.25608701 19.812069 19.901203 20.272526 20.537563 20.667992 
149.2064588 1.1367899 20.33177 20.474903 20.784204 21.028681 21.237726 
149.45582198 33.98988598 17.31567 17.521269 17.885481 18.197182 18.485329 
149.73151014 43.34138728 19.17948 19.213579 19.579227 19.735895 20.223499 
149.73330016 64.17756036 19.419291 19.503092 19.829348 20.06584 20.535286 
150.04926773 36.76619815 19.079151 19.163069 19.431549 19.673147 19.860203 
150.27257 56.86580486 20.102154 20.120283 20.490953 20.657001 21.314817 
150.36994189 23.89635995 18.985294 19.103827 19.456482 19.706594 20.037476 
150.57613246 27.65100994 19.88377 20.030121 20.330534 20.569653 20.793467 
150.67668831 70.0150765 19.7409 19.899616 20.327238 20.61928 20.866385 
151.17702524 53.53057661 17.70896 17.849276 18.148554 18.44891 18.712074 
151.17747703 2.28415132 19.569466 19.609528 19.859436 20.143145 20.019049 
151.63696109 42.73119985 18.758062 18.855345 19.175875 19.472572 19.653364 
151.86838177 61.1842891 19.401291 19.451952 19.723879 20.009548 20.278488 
152.26839623 6.13820485 18.393263 18.460165 18.796579 19.0404 19.34231 
152.59226021 3.03259087 20.338076 20.430559 20.719553 21.142056 22.026482 
152.59319904 27.3775871 18.686453 18.747997 19.021269 19.302563 19.594349 
152.88284635 5.12479757 18.8461 18.972189 19.388741 19.643486 19.714417 
153.00207134 2.29223908 19.429249 19.482698 19.775259 20.008865 20.133364 
153.03369404 28.54579342 19.037153 19.168758 19.529102 19.79821 19.990032 
153.10906889 0.6176885 20.256035 20.316975 20.53973 20.646683 20.966076 
153.29576008 28.90211615 19.999466 20.082733 20.386631 20.531622 20.707449 
153.33360983 35.6879873 19.126863 19.268162 19.594788 19.831469 19.977211 
153.48830402 23.75916138 18.779419 18.781382 18.944431 19.154316 19.311962 
153.76230011 46.80981938 18.452168 18.629179 18.952917 19.272587 19.488613 
154.27624868 46.99887226 19.405693 19.391052 19.644611 19.93301 20.105684 
154.31957063 46.87568208 18.925999 18.962185 19.098463 19.283321 19.509468 
154.58831077 14.0852602 18.19276 18.212923 18.490887 18.635193 18.889309 
154.78482549 0.92076111 19.583767 19.674366 19.931873 20.152962 20.332682 
154.96479969 29.01685567 18.349041 18.496681 18.787836 19.082506 19.415169 
155.80261908 5.17765136 17.429317 17.519854 17.80599 18.098129 18.346928 
156.08417715 16.32012527 18.623699 18.845203 19.20056 19.459843 19.787138 
156.50145068 59.24019032 17.356409 17.476774 17.828453 18.089699 18.385216 
156.56472992 0.99524558 19.734146 19.953882 20.372978 20.558046 20.695263 
156.56998718 8.21635893 19.413767 19.430826 19.68409 19.90053 19.979752 
156.90934479 35.31247459 19.95466 20.041021 20.335375 20.536739 20.844732 
157.42148335 45.3028141 18.822731 18.805546 18.978764 19.195311 19.371698 
157.60953082 7.93542724 19.515593 19.688555 19.986198 20.2104 20.583273 
157.65055267 21.42213859 19.883038 20.050299 20.366476 20.702486 20.983793 
157.7349493 23.64217188 18.620157 18.627831 18.843893 19.036423 19.283882 
157.79339759 8.0165002 19.503294 19.561768 19.96822 20.243015 20.8874 
158.97622332 62.81429794 19.679382 19.801556 20.01049 20.31167 20.376675 
159.29235372 66.53372842 17.197571 17.269703 17.531317 17.798258 18.006355 
159.42830022 51.94879166 19.849728 19.899137 20.222277 20.552769 20.991373 
159.82126907 5.9615917 19.23011 19.29891 19.537331 19.787186 19.729412 
159.92896461 42.4552027 18.72382 18.705002 18.928045 19.124826 19.309019 
159.99811576 40.04028839 17.751842 17.816391 18.191095 18.483715 18.721985 
160.15168722 9.89961081 18.554829 18.559217 18.714621 18.940104 19.146322 
160.18274066 37.88513459 18.975565 19.049162 19.374876 19.64876 19.775019 
160.82565412 49.38890623 18.600468 18.710066 18.95705 19.215429 19.404991 
160.82687732 41.90348973 19.047144 18.941275 19.434441 19.696159 19.919828 
160.95073821 33.74758656 19.528728 19.66419 19.974356 20.282305 20.545092 
161.74164707 -0.84603028 17.74777 17.891088 18.163855 18.422127 18.739563 
161.7779888 28.18960485 20.169548 20.165195 20.350975 20.522976 21.065117 
162.02847934 2.90882494 18.992872 19.025301 19.245451 19.432259 19.677279 
162.28464472 -0.25811555 19.357744 19.591675 19.864601 20.120161 20.426144 
162.50655704 0.09481806 19.850506 19.988186 20.240963 20.417435 21.067265 
162.74236724 9.9708894 20.215748 20.182087 20.526018 20.771799 20.912792 
162.87995537 30.89874583 19.943163 19.961178 20.282505 20.535057 20.356241 
162.95457803 11.02020549 17.633734 17.757206 18.12038 18.35866 18.684048 
163.43517406 20.23758792 17.509998 17.90719 18.223293 18.567204 18.905741 
163.51946836 44.63886014 18.007467 18.168621 18.591309 18.87553 19.256294 
163.6810456 4.48990644 18.270187 18.397097 18.67086 18.916113 19.216185 
164.31489096 10.49528918 19.690418 19.792963 20.072105 20.344913 20.546844 
164.46752119 62.21709043 20.125172 20.329264 20.581568 20.881998 20.821072 
164.62187695 65.87419317 18.887398 18.927509 19.17164 19.375586 19.271349 
165.64932045 62.57113396 17.696686 17.840532 18.205017 18.516993 18.787121 
166.29161384 66.96607584 19.663361 19.887196 20.213264 20.550901 20.478317 
166.49670758 37.29041583 19.044418 19.048683 19.273373 19.433748 19.652548 
166.56158455 30.62413346 19.386171 19.571785 19.925537 20.231573 20.620478 
166.70782643 37.78220217 18.416437 18.438908 18.695255 18.912588 19.074568 
166.75232038 -16.78924144 19.44232 19.461575 19.751348 20.101294 20.260349 
167.47539967 58.10854638 20.069597 20.24213 20.644514 20.896091 20.693193 
167.77702951 40.03422826 20.258308 20.354427 20.611338 20.970066 20.85247 
167.98880756 6.17428167 19.631821 19.740696 19.958067 20.2199 20.315657 
167.99210133 -15.5842716 19.140118 19.102114 19.33049 19.623386 19.69713 
168.69913976 29.54707548 19.061787 19.073717 19.268618 19.479071 19.628941 
169.22959048 -12.22880552 20.322132 20.330372 20.544006 20.804005 21.054749 
169.6625712 38.55927814 19.283739 19.371469 19.681389 19.81819 20.099154 
169.79695794 -13.11382774 19.059763 19.120171 19.347588 19.638983 19.956379 
170.05551002 66.88331497 18.94232 19.066446 19.331615 19.590485 19.690962 
170.09322832 14.17407157 18.31284 18.30621 18.50956 18.666159 18.924587 
170.47553824 54.41762011 18.478092 18.553877 18.957802 19.197929 19.650358 
170.91692085 67.70619439 19.630253 19.691851 19.976236 20.260696 20.749786 
170.98275904 56.61304109 19.398523 19.427118 19.722633 20.040201 20.203329 
171.27701708 45.47057987 18.0896 18.193399 18.593346 18.684664 18.931013 
171.63628705 -7.64369158 19.796492 19.832682 20.038504 20.202318 20.173222 
171.90799151 5.48477628 19.852446 19.959963 20.195475 20.497854 20.707066 
172.16537346 41.86131045 17.914627 18.000345 18.385597 18.673769 18.921162 
172.53247405 61.72786931 20.311424 20.239037 20.53319 20.613504 20.75296 
172.54937018 62.32395724 17.123072 17.234087 17.521139 17.806538 18.091328 
172.88324606 -2.43825212 19.507206 19.599888 19.897894 20.094959 20.688454 
172.99366606 -1.49884569 19.756872 19.8148 20.117393 20.401472 20.325481 
173.05652118 20.42178793 17.729528 17.900919 18.193169 18.458838 18.798807 
173.23882614 38.42914091 20.330688 20.319916 20.559292 20.666975 20.835423 
173.36435742 38.27273357 19.686073 19.849955 20.168831 20.436663 20.822884 
173.86534145 -0.14567215 18.4876 18.59417 18.937843 19.232845 19.416134 
174.31951165 40.92423886 20.176218 20.350098 20.599722 20.789608 21.364172 
174.44905312 35.73936056 18.720253 18.852999 19.121172 19.394444 19.616402 
174.45500215 16.06540742 18.954844 18.993643 19.385748 19.693058 19.80843 
175.0439173 -0.49318925 19.794313 19.796099 20.01704 20.27532 20.332932 
175.16398879 -0.83044449 18.633247 18.779461 19.148153 19.455572 19.743048 
175.21523424 66.66390444 18.35881 18.458408 18.757652 19.050781 19.382965 
175.46568183 39.98186409 20.396166 20.439972 20.683807 20.819559 21.185623 
176.26561516 14.62683157 19.944664 20.000282 20.218538 20.547722 20.809195 
176.4440912 15.14677223 19.352068 19.325413 19.581917 19.776152 20.103399 
176.52246048 0.24963422 19.619427 19.669668 19.903601 20.083628 21.091793 
176.96553983 0.28368354 19.693739 19.807377 20.122057 20.32571 20.438704 
177.29561199 -1.74553288 19.602909 19.705603 19.968561 20.20607 20.234089 
177.417232 64.53972326 19.718573 19.810537 20.089994 20.285147 20.479704 
177.92453591 59.57513629 18.361967 18.446589 18.733122 18.928673 19.239267 
178.57763733 1.69388685 18.153082 18.224403 18.588173 18.854292 19.163626 
178.61112931 25.29875065 16.845366 16.962307 17.350119 17.641592 17.914469 
178.66735139 42.9718649 20.015133 20.112347 20.374269 20.701895 20.829412 
178.84391622 34.42345997 19.233973 19.352209 19.691267 19.898949 20.319902 
178.91068446 25.69311446 18.662712 19.03208 19.463329 19.792311 20.242779 
178.97370402 24.46027229 18.313168 18.472075 18.746262 19.012621 19.245035 
179.23010562 16.363172 19.155537 19.215731 19.428785 19.6915 19.866076 
179.27302797 45.33641009 19.119339 19.257086 19.588037 19.841328 20.293867 
179.53558261 -3.06181527 19.01193 19.045168 19.336565 19.594337 19.821777 
180.0553477 44.86510811 19.809727 19.912464 20.217402 20.466307 20.724548 
180.25426996 67.50135915 16.875183 16.985003 17.307823 17.563395 17.893579 
181.3527789 6.50275154 17.354908 17.44899 17.766399 18.038099 18.305578 
181.74226115 -0.56022415 17.905434 18.059145 18.388941 18.654968 19.006805 
181.77531386 31.675035 18.513332 18.619225 19.001873 19.274628 19.624477 
181.78593515 32.36546844 19.887299 19.957462 20.249283 20.495077 20.615515 
181.89659772 22.98490369 18.205151 18.212704 18.631041 18.856838 19.222002 
181.97194768 22.55971887 20.086285 20.2246 20.440453 20.725332 20.727137 
182.62202447 28.54103684 19.413282 19.456951 19.707579 19.888906 20.08124 
182.6308316 21.74170471 18.059156 18.175907 18.545656 18.830606 19.127558 
182.65622483 19.53350046 17.477669 17.59651 17.952816 18.210762 18.51605 
182.78524921 5.5471478 18.458763 18.479069 18.780306 18.994738 19.206572 
182.8875351 19.12424415 19.777718 19.888758 20.119949 20.431053 20.600819 
182.89853398 18.17784867 19.350628 19.540997 19.918394 20.291489 20.466156 
183.0793262 -1.25997481 19.513025 19.529942 19.796106 19.938231 20.049078 
183.3031679 50.0782311 18.862881 18.976583 19.309994 19.576729 19.857519 
183.66503743 35.30373393 19.659052 19.68063 20.080597 20.316278 20.572872 
183.93953896 25.60956093 19.237341 19.375551 19.734148 20.091221 20.258711 
184.08370322 42.26710649 19.23155 19.298513 19.5539 19.783972 19.905827 
184.47755744 -2.72316862 18.364548 18.483757 18.774885 19.10988 19.280058 
184.55661964 46.30169143 17.894114 18.238159 18.686007 19.04303 19.310532 
185.17175243 21.62488971 19.429365 19.492338 19.739815 19.997427 20.291948 
185.30138587 40.41537794 19.261398 19.315649 19.609377 19.894209 19.928692 
185.32460561 3.9111375 18.979183 19.06953 19.335299 19.669691 19.83824 
185.68530222 18.38326834 19.196115 19.294239 19.708759 19.950514 20.111807 
185.74751283 50.61255912 18.44455 18.532188 18.871727 19.136719 19.365046 
185.80940841 43.8358875 18.839319 18.978497 19.360176 19.619249 19.984417 
186.35927758 62.26456576 18.99436 19.013521 19.251797 19.423325 19.744883 
186.63577496 -0.73352967 19.967203 20.009382 20.333317 20.550224 20.744835 
186.732987 -1.08189299 18.09548 18.064516 18.244764 18.472168 18.630241 
187.01336006 55.06092422 19.825233 19.976467 20.32703 20.579447 20.700228 
187.14026676 38.90049375 20.160139 20.194969 20.476933 20.752867 21.131496 
187.24750725 10.38886907 19.034155 19.106218 19.415476 19.68284 19.900908 
187.37276809 24.59553661 18.113777 18.133476 18.381197 18.574486 18.827641 
187.63646578 44.6249646 18.689997 18.649858 18.928391 19.092463 19.366573 
187.91870715 40.71154193 19.056736 19.153111 19.427795 19.681383 19.838337 
187.93220047 17.41978448 19.862995 19.91831 20.153364 20.43577 20.49078 
188.07468236 58.09816856 19.806091 19.836729 20.052912 20.278242 20.599556 
188.12670166 3.84354607 18.087603 18.216768 18.534954 18.790817 19.073893 
188.61345294 3.65009126 18.431955 18.524605 18.81669 19.016447 19.285364 
188.93484838 62.57067136 19.284857 19.345413 19.642843 19.903938 19.937456 
189.22898504 17.15516875 17.814005 18.029917 18.314196 18.632458 18.943789 
189.39800185 60.47584677 18.947699 18.892977 19.183846 19.422611 19.652115 
189.46025811 8.92390258 18.628363 18.867008 19.326529 19.617058 19.957619 
189.49359006 52.84604434 19.479256 19.72168 19.932327 20.237293 20.519871 
189.80954032 32.18293686 18.601025 18.630436 18.897339 19.123159 19.489426 
190.24440093 53.43988192 18.789373 18.9622 19.225172 19.560303 19.779449 
190.30411483 12.43715637 17.022974 17.117052 17.329151 17.555597 17.829966 
190.37439536 21.05606825 18.884274 18.991993 19.247747 19.54155 19.687881 
190.67263632 19.37554648 19.864492 20.026575 20.346041 20.569405 20.754669 
190.76803246 50.15794028 18.538303 18.531998 18.927076 19.191633 19.399351 
190.88070304 -6.58207937 19.711323 19.887798 20.248186 20.56778 21.591698 
190.98552668 15.62432694 19.230474 19.406336 19.764189 20.067915 20.511271 
191.17688547 59.70035711 19.940516 20.04781 20.316101 20.608774 20.690657 
191.21407383 -0.17937111 19.864422 19.834175 20.116844 20.319334 20.658981 
191.33146851 -8.75714396 18.962627 19.061733 19.3281 19.561945 19.824648 
191.64413477 16.09498433 19.95513 20.072193 20.38806 20.573893 20.603428 
191.94487955 47.09745579 18.954672 19.090956 19.358656 19.686956 20.16012 
192.02184558 51.97509437 19.117859 19.280449 19.531712 19.770922 19.860975 
192.19103947 36.99372402 19.955301 20.036001 20.361847 20.591963 20.672306 
192.22885946 1.98573543 18.647112 18.826658 19.161448 19.418116 19.665388 
192.33487611 29.08172306 18.500172 18.62677 18.921635 19.174913 19.514351 
192.58075935 32.81967768 19.761187 19.850599 20.201591 20.499048 20.765377 
192.62588943 59.82581576 19.167974 19.180428 19.467266 19.718634 20.138258 
192.88624336 62.32173824 17.92387 18.025517 18.293194 18.559963 18.803513 
192.90860519 49.01490714 18.637449 18.701334 19.031338 19.240088 19.511528 
193.02353983 66.4841091 18.57291 18.486507 18.745972 18.955376 19.125029 
193.07785822 56.6242816 19.896709 19.870071 20.258856 20.522448 20.732285 
193.19298725 3.89659857 19.211157 19.328806 19.654074 19.940121 20.129423 
193.26759113 9.64884925 20.001945 20.077841 20.331982 20.586338 20.792875 
193.27431887 61.49871221 19.190184 19.30501 19.578093 19.868027 20.152069 
193.40702025 39.62369807 20.301655 20.369787 20.647772 20.888796 21.012831 
193.64072959 42.62733101 20.326235 20.437218 20.64616 20.9454 21.438063 
193.79949122 48.85488326 19.893059 19.95573 20.301037 20.594572 20.927946 
193.88757211 19.88140162 20.086267 20.1625 20.346121 20.435541 21.16555 
194.0400101 55.36936391 19.750732 19.808615 20.09692 20.363245 20.45887 
194.46593304 26.60595607 18.696026 18.849764 19.174318 19.436434 19.5996 
194.49598256 -2.22037378 19.04528 19.157272 19.6108 19.87133 20.03421 
194.77333263 2.32168407 19.838923 19.988474 20.174784 20.456316 20.18976 
195.27607444 2.58203176 18.828968 18.895126 19.20685 19.503336 19.565588 
195.57374393 16.83572519 18.684231 18.8326 19.133705 19.466955 19.87125 
195.58306917 2.05632103 18.889008 18.932571 19.269327 19.523521 19.86404 
195.90835968 -3.23018506 19.145498 19.111938 19.324957 19.556339 19.886057 
196.14682621 28.30597114 20.034681 20.158838 20.48546 20.754532 20.902225 
196.42176421 8.26134803 17.050766 17.181143 17.516933 17.801622 18.094124 
196.64005248 64.87607123 19.890343 20.121746 20.508598 20.942499 21.241117 
196.92682428 62.49912273 18.699568 18.836596 19.157051 19.51952 19.732323 
197.02413257 21.30475881 19.464012 19.579187 19.949871 20.242195 20.392859 
197.02427983 2.73593129 19.803223 19.786463 19.995035 20.199562 20.366678 
197.12725578 47.0049631 18.649853 18.717104 19.036383 19.243309 19.614779 
197.29651858 -1.66299116 18.042807 18.181149 18.4704 18.688608 18.990456 
197.54053821 24.06592647 18.423376 18.464893 18.673721 18.902285 19.09897 
197.55120833 44.79121399 17.882069 17.838339 18.02224 18.232151 18.48904 
197.65966991 6.56849925 18.209208 18.270817 18.519667 18.755171 18.956934 
197.88749874 48.97006245 18.378654 18.344614 18.557739 18.744549 18.990042 
197.95205523 5.64656551 17.526102 17.640162 18.025888 18.262705 18.5037 
198.26431001 62.24233872 20.118288 20.110561 20.46591 20.66577 20.683249 
198.45992168 25.74929254 19.054354 19.078693 19.338297 19.610901 19.894621 
198.60935065 34.17470088 18.94696 19.013317 19.37504 19.661821 19.994371 
198.69235931 48.52357318 18.612038 18.713177 19.09613 19.337435 19.634295 
199.19175503 41.77750689 17.117756 17.24761 17.63291 17.909708 18.158728 
199.24231761 30.86331944 18.864012 18.932629 19.282183 19.58886 19.745626 
199.32088185 -2.32933138 18.21229 18.300064 18.605785 18.875664 19.148378 
199.37911455 1.72076976 20.001945 20.055971 20.338211 20.559698 20.668346 
199.47551016 2.62828552 19.627739 19.593779 19.955202 20.248234 20.065138 
199.97243179 43.03388918 18.926529 18.978855 19.321749 19.59997 19.804258 
200.01782042 66.75991714 18.421934 18.503063 18.782518 19.053202 19.182203 
200.06920567 50.66815965 18.817713 18.933659 19.254246 19.585041 19.755423 
200.75533779 35.99014774 18.542238 18.626373 18.924398 19.211756 19.410643 
200.88659648 36.34221145 17.907433 17.976177 18.297365 18.566282 18.877975 
201.21944845 14.69315043 18.332819 18.327776 18.617516 18.77668 19.005295 
201.32486212 46.5355836 19.688322 19.755299 20.123198 20.334364 20.318413 
201.97045346 25.52916772 18.56212 18.897551 19.350893 19.628881 19.99119 
202.13927761 4.94373074 18.502003 18.466557 18.617607 18.775185 18.933968 
202.42232461 37.8894877 18.878338 18.985636 19.293581 19.609322 19.818611 
202.43494385 0.47675811 19.672115 19.814117 20.130505 20.408155 20.897165 
202.60429132 28.80325542 19.840443 19.697556 19.932335 20.245033 20.439466 
202.6337382 55.27636445 19.394669 19.403065 19.671211 19.836849 20.023705 
202.70113279 56.13493521 18.357086 18.407093 18.761072 19.060856 19.400652 
203.06641353 64.11562987 18.264809 18.41037 18.77236 19.055916 19.233633 
203.15195484 18.95969215 20.091246 20.172653 20.451605 20.756229 21.341114 
203.18887325 18.83691303 19.599018 19.726089 19.984573 20.303326 20.455032 
203.76514441 23.98352671 19.087528 19.085571 19.310694 19.516468 19.753796 
204.41979987 21.5380068 17.155516 17.287804 17.600351 17.891602 18.166508 
204.47863963 34.81978397 18.107584 18.168589 18.581451 18.782938 19.122129 
205.33698181 0.70131685 19.702406 19.733362 19.962898 20.196987 20.302158 
205.55824627 45.34867947 16.929577 16.971479 17.323702 17.611391 17.895155 
205.6937833 52.32255061 19.111229 19.129877 19.407871 19.64559 19.931091 
205.73058206 14.02551683 19.828966 19.92272 20.137907 20.521461 20.896807 
205.81589056 10.1440973 19.874647 19.921755 20.248688 20.467066 20.761665 
205.873429 67.12588264 19.210621 19.246422 19.472767 19.686666 19.864887 
206.07106531 28.25311519 20.047173 20.017866 20.2356 20.471664 20.919697 
206.29376363 21.93285949 19.272882 19.347258 19.661278 19.858347 20.180336 
206.3538411 -2.62062 19.192921 19.442337 19.894503 20.179844 20.281681 
206.51312325 -2.95774587 19.197876 19.30743 19.574963 19.773476 19.932365 
207.5357079 5.24041713 20.040035 20.061024 20.39312 20.60519 20.888161 
207.56282882 14.902217 19.090145 19.201691 19.54327 19.757475 19.994543 
207.67716797 61.87314746 20.440664 20.508072 20.768562 21.104256 21.275551 
207.84131471 18.06996968 18.498255 18.652594 18.960026 19.225096 19.409279 
207.96859527 54.77430305 19.862921 19.907322 20.23613 20.477194 21.037191 
207.97283767 38.9478584 18.973736 19.0734 19.359676 19.53282 19.798046 
208.46881339 60.82187836 19.675537 19.766123 20.133759 20.397905 20.16708 
208.92167832 35.24488545 18.950212 18.966177 19.23247 19.447641 19.670574 
209.04299102 -0.37518005 19.222168 19.374279 19.662462 19.964323 20.136269 
209.63389387 -1.75551896 19.755806 19.692245 19.942047 20.08547 20.268036 
209.78390286 41.2721391 20.049768 20.079512 20.455864 20.691538 20.745113 
209.89370362 4.99506227 18.965742 19.054758 19.34354 19.641544 19.95154 
210.00721629 36.52775816 19.114386 19.090422 19.461636 19.669147 19.857801 
210.08406831 64.21026953 19.456121 19.458672 19.814308 20.061644 20.586943 
210.31486389 60.22050738 20.195263 20.291035 20.592033 20.848509 21.002979 
210.49623346 2.35743465 18.752342 19.030066 19.463961 19.834427 19.999851 
210.61331831 40.65618903 17.668695 17.777073 18.062109 18.323235 18.570026 
210.62236256 60.35487246 18.713457 18.803642 19.119686 19.324186 19.626556 
210.73151799 57.53251677 18.849316 18.912081 19.303509 19.552839 19.585922 
210.81391455 18.07697957 19.563025 19.718445 19.87657 20.080618 20.201221 
211.01820849 3.1217426 19.372692 19.445345 19.697487 19.914392 20.148382 
211.56929844 19.77470497 19.220383 19.306477 19.582754 19.832245 20.030762 
211.68945108 55.39452357 18.866856 18.941208 19.220034 19.46847 19.727068 
211.6990002 31.81623621 19.395485 19.48184 19.794643 20.013866 20.339031 
211.88770873 62.09451592 19.352793 19.317253 19.547665 19.782974 20.119692 
212.06098028 0.64416808 18.999262 19.186356 19.600185 19.85342 19.975328 
212.49066231 12.73133182 18.546576 18.567568 18.809158 19.052534 19.320282 
212.62487726 28.86301263 18.488665 18.582125 18.976109 19.2323 19.544847 
212.6858778 37.59577897 19.173353 19.257299 19.589226 19.963202 20.411224 
212.70349555 34.46295553 19.230488 19.247959 19.560163 19.774553 20.255875 
213.06072638 54.80811665 19.443655 19.528288 19.82703 20.148396 20.275515 
213.06222393 1.40630598 18.881332 19.006268 19.347254 19.52136 19.750206 
213.24238842 4.93396006 17.215895 17.353214 17.750702 18.087681 18.39768 
213.25682823 49.66595167 16.898365 16.980474 17.321634 17.543602 17.794636 
213.3429623 34.51309646 18.673256 18.813004 19.170988 19.38777 19.655386 
213.37150898 42.42301681 19.706766 19.72415 19.940413 20.172119 20.319948 
213.40726981 45.0754615 18.847162 19.010391 19.317223 19.634367 19.754419 
213.4561393 57.28789875 18.246567 18.416573 18.816866 19.136251 19.542398 
213.63162546 -2.66889454 18.138773 18.020037 18.179792 18.31624 18.469992 
213.68950163 56.56251274 17.851412 17.9209 18.22621 18.457232 18.731304 
214.0907738 32.44404136 17.97559 18.217157 18.643965 18.947351 19.244259 
214.51479611 20.01489938 18.764553 18.850952 19.183968 19.437658 19.794504 
214.6441399 30.70424276 19.690311 19.713669 19.93144 20.182444 20.193516 
214.68732176 56.54055104 20.153561 20.142876 20.615459 20.83564 20.692427 
214.7257477 12.90126613 18.126461 18.241558 18.514517 18.79603 19.072674 
214.81643983 20.75989077 20.334097 20.445599 20.754143 21.035463 20.894754 
215.06883671 14.43850128 19.679209 19.728233 20.061914 20.260378 20.555235 
215.12036399 30.51179756 19.571175 19.671255 20.035393 20.269779 20.48077 
215.51200796 -2.04771248 18.172361 18.29143 18.53257 18.746845 19.04088 
215.84078874 59.38527099 18.488394 18.64925 18.889288 19.142105 19.352005 
215.97053041 14.19263281 20.25938 20.390656 20.53039 20.759901 20.711 
215.98484218 36.39334296 17.481482 17.665504 18.064018 18.302803 18.55497 
216.02308943 18.30204128 18.662914 18.800404 19.241062 19.469898 19.795179 
216.1567872 60.11394733 19.344849 19.387833 19.710606 19.967699 20.052311 
216.27156138 33.99677767 20.139168 20.186497 20.438036 20.690027 20.85284 
216.31687711 50.15723705 18.554047 18.686886 19.064465 19.345707 19.815605 
216.63365409 45.94432699 19.287403 19.292498 19.469957 19.630331 19.771376 
216.67044316 10.30455015 18.769779 18.807877 19.095865 19.369078 19.62686 
217.35422026 8.53851227 19.977324 20.082638 20.440165 20.790548 21.026102 
217.49896009 14.66620605 19.153248 19.3563 19.675249 19.995998 20.365627 
218.11354703 36.5375692 18.490501 18.638269 19.116121 19.370871 19.661701 
219.15939427 32.08992475 19.193443 19.245775 19.461357 19.720596 20.197334 
219.16465042 -1.25499202 18.819077 18.813749 18.985601 19.188538 19.27457 
219.69254861 28.08221075 18.860947 18.952965 19.29705 19.453814 19.616467 
219.76639626 -0.52205791 19.36845 19.503794 19.784863 20.007214 20.308193 
219.90240779 57.23739368 19.470455 19.382463 19.629608 19.833273 20.193804 
220.5225425 12.49077188 17.740381 17.983252 18.421379 18.775969 19.040417 
220.55287883 10.8520362 17.526423 17.623533 17.871439 18.142044 18.351114 
220.82015544 47.22661299 20.009464 20.078604 20.242718 20.492542 20.598701 
221.05345155 3.96881412 19.716078 19.74416 19.920626 20.144299 20.243103 
221.50420909 62.95936578 19.308537 19.358177 19.676954 19.947004 20.696371 
221.70644642 -1.16487034 20.308823 20.404062 20.687506 20.871553 20.752016 
221.71196294 28.86176252 18.647547 18.836023 19.174475 19.405258 19.734358 
222.05968592 15.08046483 15.660916 15.72776 16.07291 16.393797 16.671381 
222.11015124 63.14311173 17.396244 17.472984 17.726078 17.964781 18.20591 
222.40350816 9.62771439 18.290918 18.36915 18.73452 18.978369 19.241529 
222.4491131 20.88174825 19.071333 19.169344 19.45789 19.750708 19.831942 
222.5974442 -0.91139389 18.699814 18.696522 18.916784 19.097462 19.366407 
222.6275665 -2.05051995 19.052883 19.163185 19.431519 19.71825 19.894552 
222.63042405 60.0170402 18.720491 18.799953 19.100733 19.297077 19.641209 
223.39356308 2.14456838 19.50495 19.680822 19.888111 20.258915 20.251564 
223.45454557 19.86710066 18.388243 18.440351 18.669979 18.918304 19.194611 
223.70330993 43.77900677 20.166449 20.243883 20.534681 20.801939 20.937187 
223.80987288 4.69816358 18.942244 19.071621 19.341627 19.579079 19.904186 
223.97483967 13.02318586 19.312347 19.442785 19.725492 19.996643 20.221725 
224.14345506 41.56873173 19.540043 19.494028 19.788862 19.927765 20.37648 
224.18712389 1.17155075 19.029001 19.054632 19.360336 19.544128 19.934311 
224.20632837 57.50830042 19.773512 19.929134 20.268126 20.577789 20.799809 
224.93425605 1.61513742 20.322281 20.449099 20.609871 20.885572 21.238152 
224.9460449 -0.66515164 18.345499 18.396713 18.671516 18.924751 19.133322 
224.9826477 48.73366819 18.933102 18.900517 19.008539 19.302229 19.529947 
225.01607535 0.40551621 18.842102 18.799175 18.999027 19.157848 19.476301 
225.60006452 51.04136596 19.795929 19.84701 20.052801 20.260006 20.650511 
225.75145801 -2.32981479 18.697878 18.963966 19.36558 19.772181 20.135601 
225.94710122 61.9798279 19.540873 19.676085 20.035156 20.191214 20.466724 
226.13205468 16.41486441 17.117224 17.174067 17.474195 17.735415 17.949472 
226.64123303 53.32486676 18.684099 18.807447 19.091776 19.32126 19.573177 
226.69834275 31.05369184 18.919685 19.028242 19.329432 19.601316 19.767435 
226.76957749 52.49494884 19.719318 19.724207 20.014879 20.234892 20.866182 
227.52103617 5.15160706 18.353619 18.358885 18.549879 18.74386 18.917154 
228.20031652 57.93047387 19.842604 19.957573 20.308929 20.636162 20.520754 
228.61975841 11.40471317 18.83884 18.985888 19.266754 19.580824 19.712244 
229.29688702 6.34318875 19.712364 19.828848 20.158836 20.348274 20.375313 
229.37274388 43.50796207 18.151642 18.33304 18.691893 19.008059 19.250502 
229.66883996 49.26738341 19.775318 19.78562 19.939627 20.167559 20.710993 
229.68469221 48.28707092 19.901577 19.970682 20.270647 20.68701 20.82325 
229.77924999 46.75595052 19.043955 19.207176 19.494873 19.770222 19.94738 
230.02525974 58.01027724 18.946083 19.097311 19.349165 19.646179 19.815193 
230.20094398 15.50380532 18.565884 18.643393 18.942816 19.267477 19.364208 
230.39960867 48.25222454 18.854471 18.929676 19.295448 19.564289 19.790693 
230.59677021 40.17260638 20.19647 20.225729 20.605228 20.801729 20.600296 
230.64600298 16.85493045 18.310249 18.32165 18.572865 18.759079 18.980249 
230.77016772 5.19932922 18.32045 18.361794 18.582424 18.783283 18.9419 
230.83735045 0.92365137 19.043163 18.994829 19.207617 19.400373 19.660688 
230.90928133 38.18473373 20.042809 20.142233 20.563318 20.731535 20.84956 
231.32667652 17.56360549 17.648592 17.662066 17.832561 18.004463 18.193468 
231.60147406 38.87777546 19.908985 19.958166 20.311939 20.622095 20.950518 
231.8258489 41.80992843 18.253557 18.281597 18.521605 18.772369 18.993849 
231.91482024 31.71165787 18.314795 18.41481 18.690407 19.015038 19.228554 
232.15073999 36.43592639 19.409895 19.494057 19.755171 20.032087 20.168159 
232.18032867 41.40741462 20.005791 19.937853 20.156885 20.366453 20.813614 
232.49792885 57.26354414 19.950197 20.062162 20.376642 20.712944 21.229107 
232.54721976 2.85830305 19.203228 19.366579 19.711864 20.056852 20.576294 
232.76855903 15.02150598 20.007027 20.045649 20.271938 20.5333 20.528957 
233.1062174 47.45023362 19.259529 19.39852 19.619423 19.882927 20.098581 
233.15372354 49.16977233 19.564472 19.531704 19.723955 19.965801 20.08173 
233.18220305 35.01470842 19.021387 19.004593 19.225863 19.354639 19.567448 
233.31982115 34.13436881 17.326534 17.406937 17.756969 17.957827 18.191767 
233.72913439 22.82186374 17.633646 17.651451 17.975828 18.260403 18.537487 
234.06547916 57.81744171 18.802277 18.82913 19.1266 19.347269 19.447161 
234.48043225 9.54706428 18.751101 18.80839 19.059484 19.318708 19.557552 
234.89593146 14.84744119 20.217566 20.186495 20.425879 20.697569 20.886425 
235.49060483 12.79532807 18.995783 19.093361 19.410828 19.623093 19.713575 
235.52123796 30.82483614 19.553301 19.532192 19.703074 19.870235 20.121895 
235.8063942 0.49933728 19.008244 19.077511 19.307867 19.512009 19.637396 
235.87751882 29.07526991 19.097902 19.10211 19.404303 19.658478 19.834316 
236.45952214 11.99963711 17.349625 17.404789 17.732782 17.984125 18.227741 
236.52868706 56.84975804 18.216438 18.239311 18.407352 18.5744 18.784452 
236.89415401 41.92515479 20.034914 20.141722 20.496052 20.879332 21.216585 
237.1851336 41.08883694 19.123404 19.22023 19.460854 19.745201 20.032757 
237.41101314 -0.22173525 20.371283 20.230101 20.315256 20.569984 20.785339 
237.48016702 28.86916957 19.153507 19.159105 19.375467 19.604336 19.892929 
237.56097186 33.80055852 19.770605 19.833065 20.167789 20.371275 20.500362 
237.81385246 36.62834762 17.759636 17.884594 18.161495 18.425755 18.721535 
238.2968985 39.23385591 20.434374 20.471422 20.728714 20.964354 21.176048 
238.36481875 15.09603388 17.988035 18.071053 18.517881 18.816526 19.093094 
238.39004596 2.74998718 19.285873 19.259949 19.474844 19.640078 19.948166 
238.50036948 9.79392 20.064024 20.126543 20.42732 20.662251 20.884218 
238.58736741 25.62969774 20.360641 20.37639 20.640272 20.761364 21.805099 
238.64656683 6.66365338 19.464439 19.506208 19.796917 20.048712 20.247498 
239.30725431 28.06085603 19.103724 19.13641 19.369139 19.624157 19.890768 
239.55672885 40.37499368 19.674404 19.84347 20.086889 20.158459 20.454439 
239.85123046 13.88332431 19.918459 19.963404 20.161667 20.422403 20.804554 
239.99596544 10.97835925 20.156942 20.081903 20.299442 20.516218 20.900425 
240.12905414 19.95956976 18.441076 18.507822 18.795332 19.056557 19.328127 
240.19400963 36.49361754 19.368101 19.507284 19.914537 20.17181 20.363798 
240.21393454 40.34945926 19.249727 19.24213 19.494446 19.711 19.916256 
240.59630165 5.37773255 18.70784 18.786024 19.046808 19.34466 19.533817 
241.10311217 40.83081168 20.066032 20.121794 20.375891 20.660168 20.834951 
241.18381104 3.61361442 19.612726 19.57452 19.671743 19.864843 20.007324 
241.23855093 39.39450129 19.606266 19.74123 20.079142 20.370699 20.933971 
241.34361464 53.37227071 18.370308 18.432945 18.694201 18.961432 19.125019 
241.60496083 5.47258451 18.483173 18.541065 18.839149 19.142008 19.43432 
241.81186263 39.17417285 19.095856 19.214245 19.565193 19.867292 19.957872 
241.89907532 53.35020672 19.736042 19.794508 20.153494 20.41074 20.300144 
242.31423296 12.42108856 19.322269 19.456789 19.873129 20.215971 20.555531 
242.50302353 37.00250443 18.589373 18.655752 19.002802 19.28669 19.505033 
242.51350523 11.50126537 17.641211 17.715055 18.032412 18.27993 18.49733 
242.62570465 40.2263569 19.446604 19.584295 19.992605 20.226484 21.000896 
242.89270047 17.63810389 20.068821 20.11846 20.398571 20.696115 20.948547 
242.97037728 42.23344567 18.820072 18.859652 19.131227 19.430538 19.664122 
242.99055205 28.38303189 19.910532 19.934837 20.237522 20.452568 20.919456 
243.05577098 25.82927583 20.063326 19.971319 20.124346 20.309439 20.561069 
243.07632843 45.15581507 18.887861 18.887087 19.118917 19.381369 19.591347 
243.38046941 18.40187749 18.42411 18.470354 18.692173 18.934418 19.071783 
243.70241952 24.5852534 19.27952 19.375597 19.686207 19.891239 20.196062 
244.0426598 35.53595293 20.010874 20.135313 20.477919 20.756134 20.752502 
244.08644752 18.54880787 20.327707 20.42243 20.717934 21.005363 21.481869 
244.5285794 36.84686787 19.726786 19.793648 20.163424 20.40588 20.579632 
244.97493008 49.56409922 19.034397 19.121361 19.405611 19.656746 19.836725 
245.07430822 15.56441048 20.310617 20.467215 20.740295 20.988756 21.904016 
245.57761625 32.90240438 19.607342 19.664848 20.057224 20.390585 20.56197 
245.99783044 25.06302487 19.199903 19.242233 19.529928 19.821707 19.93404 
246.43973676 0.01492906 20.178562 20.21311 20.391722 20.598076 21.016092 
246.64934485 13.09573609 18.416227 18.480244 18.812914 19.053411 19.33112 
246.7638896 17.39100426 18.456121 18.483828 18.783489 19.021778 19.301851 
246.79655505 25.51902311 18.838064 18.862947 19.116442 19.30489 19.736647 
247.23368107 15.22447572 20.036516 20.055304 20.366821 20.654978 21.047119 
247.30426467 34.22366897 19.317583 19.452831 19.741114 20.055326 20.313437 
248.37387354 26.35119712 19.771782 19.775999 20.118584 20.350481 20.928644 
248.4726786 39.6840067 19.71352 19.770885 20.151314 20.450457 20.916992 
248.50210227 27.50103085 20.230076 20.264713 20.547327 20.717802 20.731255 
248.97121219 35.49644768 19.853792 19.902931 20.146238 20.24571 20.556637 
249.53052596 -0.14379265 19.927732 19.854702 20.054907 20.285706 20.332369 
249.98506932 23.08326054 19.88027 19.827358 20.03697 20.244551 20.389925 
251.25220347 21.24919983 20.150883 20.188761 20.446522 20.627508 20.803814 
251.55022094 63.78052915 19.364697 19.524027 19.836922 20.108488 20.439657 
251.76431303 24.85808969 19.225655 19.459696 19.858915 20.177889 20.481674 
251.98631415 36.68559122 19.898546 19.990015 20.349899 20.582972 21.018064 
252.16609248 43.86495159 18.569565 18.687918 19.047903 19.328524 19.534554 
252.40034515 38.84673059 18.934135 19.00782 19.342295 19.61697 19.840303 
252.52886542 20.84712599 19.693329 19.825474 20.141512 20.388447 20.388838 
252.73816519 40.72425753 17.511993 17.650944 17.994616 18.242836 18.484526 
252.93106898 36.77991214 18.977419 19.087973 19.232872 19.2784 19.303524 
253.09239057 32.3706012 17.644579 17.746767 18.0389 18.30208 18.60511 
253.190936 29.01477436 18.677197 18.636366 18.845581 18.966745 19.115314 
253.45572151 27.77982086 18.630978 18.668579 18.957607 19.240685 19.371603 
253.9824699 26.7636158 19.12553 19.161873 19.417974 19.714661 20.011606 
254.01648301 37.48286013 19.22715 19.345737 19.564756 19.765455 19.990238 
254.24718234 39.42114321 18.995846 19.113731 19.445547 19.751581 20.032572 
254.9106107 61.68367016 17.539196 17.519867 17.770716 17.991198 18.072588 
254.94378504 39.57174431 18.921144 19.052717 19.427076 19.691431 19.933466 
255.43197969 38.83154709 18.445665 18.530285 18.80418 19.084225 19.361372 
255.75281569 36.54677562 19.785154 19.869709 20.213247 20.441612 20.524124 
255.94103211 21.41838998 18.287144 18.357908 18.711388 18.987667 19.246794 
258.34647842 28.16505433 18.81778 18.957474 19.211237 19.520308 19.630259 
258.8092174 28.12578624 19.310522 19.395575 19.684599 19.869736 20.106668 
259.06751418 41.01964339 20.108162 20.268293 20.473825 20.772022 21.207561 
259.28855549 30.08935016 20.110012 20.280293 20.568701 20.850342 21.253714 
259.66625652 28.55489489 19.466295 19.558594 19.898855 20.134821 20.384537 
260.67991194 60.51654302 17.908087 18.022598 18.365551 18.584284 18.84095 
260.8752757 60.25133781 19.53314 19.662134 19.940355 20.210615 20.141405 
262.67590972 54.05367565 18.560577 18.614325 18.868757 19.061728 19.215328 
265.70028552 55.09112966 19.734192 19.788715 20.098938 20.302807 20.687086 
278.00029632 42.00828408 18.922897 19.079865 19.309885 19.540358 19.787298 
278.21749412 42.2572579 17.56073 17.726332 18.0879 18.376539 18.677109 
278.79796221 40.96446885 19.219673 19.229191 19.580421 19.968981 20.18412 
299.44488143 77.342554 20.589663 20.387011 20.56809 20.690819 21.296661 
306.82714076 76.5796234 18.196442 18.164228 18.306084 18.487772 18.73568 
308.82291294 -6.76108888 18.688484 18.823408 19.184622 19.471107 19.537296 
309.58850358 -5.57034461 18.140484 18.156364 18.340998 18.527781 18.686081 
310.41975023 -4.87635856 18.96759 19.07736 19.347849 19.556936 19.765654 
310.94876544 0.99006471 20.134481 20.151945 20.346123 20.498596 20.438417 
310.95741235 -6.08652097 19.762024 19.854031 20.146221 20.253328 20.517149 
312.33122925 76.97472153 18.676214 18.746462 18.958387 19.137625 19.401072 
313.25709953 0.69520255 19.277855 19.322569 19.528198 19.741886 19.979378 
313.45135803 16.27231781 20.135967 20.085308 20.38965 20.564594 20.75737 
313.45186828 -0.49524206 19.052687 19.163197 19.485048 19.713381 19.960876 
315.86950424 -0.77793282 19.261745 19.385696 19.708288 19.972933 19.973585 
316.124477 -6.47855689 19.29076 19.224411 19.383074 19.576752 19.873894 
316.22792612 -0.01206672 20.298431 20.427429 20.801188 21.036087 21.186214 
316.92625601 10.43657777 18.509718 18.488697 18.680141 18.858633 19.020889 
317.95663065 -5.66064517 18.628838 18.836023 19.221628 19.488041 19.593775 
318.81341475 -6.60513125 18.900486 18.936552 19.227886 19.434401 19.60375 
319.9618333 -6.68227836 19.454666 19.470181 19.744884 19.980995 20.159088 
321.01299902 11.70837367 18.86989 18.98488 19.309286 19.616537 19.912306 
321.20380341 11.41255658 20.713797 20.625488 21.096352 21.238274 21.398285 
322.1728746 0.20872309 18.40588 18.483669 18.810936 18.999649 19.246164 
322.76415469 10.99893292 18.749821 18.789639 18.947863 19.186388 19.335743 
325.32023957 -6.49990817 18.694351 18.623007 18.824694 19.017086 19.238802 
326.36295013 12.88222424 17.834341 17.963205 18.232689 18.469801 18.740072 
326.80215154 0.31770224 18.473373 18.510778 18.722778 18.921091 19.231806 
327.7803539 -8.80814624 18.557116 18.547031 18.698076 18.840565 19.050785 
328.81015377 -7.9760562 18.069279 18.265562 18.705631 18.986797 19.210667 
329.7494699 -0.47924133 20.046268 20.141623 20.453602 20.743294 21.002377 
330.51312233 -0.34833023 19.388062 19.374535 19.629152 19.859064 20.152506 
331.08027112 -1.25700737 19.929731 19.931583 20.161377 20.234423 20.716383 
331.59887568 13.43236112 17.652145 17.765011 18.01001 18.246962 18.49519 
331.66803953 5.55350947 19.963318 19.955559 20.12816 20.382551 20.469624 
334.37188292 0.14260028 18.480171 18.547001 18.828035 19.050987 19.320478 
338.23085104 -8.67895556 17.40641 17.393358 17.592613 17.806421 18.009117 
339.2005405 13.92705218 19.991833 20.028166 20.299597 20.511862 20.502787 
339.74168088 1.06494917 19.644785 19.858772 19.981869 20.134792 20.255699 
339.91435528 22.99053876 17.920095 18.276703 18.755192 19.098629 19.347321 
340.11298582 -0.99599825 18.75148 18.832006 18.990383 19.197247 19.336477 
340.13191423 0.21027333 20.248804 20.25959 20.385475 20.523363 20.566593 
341.24667947 31.0786777 20.383055 20.359116 20.607695 20.746452 20.476618 
342.37662244 -0.27306872 18.24818 18.263214 18.415672 18.601818 18.84004 
342.58713315 -9.24042894 18.665541 18.800343 19.143433 19.357126 19.729385 
342.84222135 31.9413396 17.976213 18.099531 18.391665 18.646538 18.863646 
343.0255842 13.14201252 18.835743 18.833048 18.973244 19.171358 19.40139 
345.50611373 -0.42552112 20.038435 20.119221 20.419249 20.591957 21.200546 
346.36204213 -8.33107E-3 20.356821 20.476349 20.787054 21.025625 21.148367 
346.7348802 13.99131172 19.096123 19.010256 19.085114 19.258951 19.372429 
347.67144167 14.26686113 18.895237 18.90806 19.076895 19.307505 19.391182 
347.92267191 23.45194117 19.221308 19.142773 19.311356 19.463535 19.759876 
348.35102954 -0.27694036 19.633375 19.826969 20.061247 20.361664 21.257263 
348.6323825 -0.82711959 19.499954 19.590275 19.72266 19.925388 20.098724 
349.91816483 -8.84366602 18.89431 18.869213 19.063597 19.272226 19.376455 
350.06337871 0.79064345 19.45561 19.513626 19.729013 19.951809 20.148291 
350.93697842 15.1496276 18.971678 18.969952 19.174446 19.359432 19.55456 
353.27123611 0.86549998 18.421606 18.581339 18.875206 19.117662 19.393347 
353.96174098 14.50885376 20.129234 20.03772 20.195047 20.406229 20.62331 
354.35810967 14.95315081 19.200769 19.155384 19.362484 19.553377 19.71137 
354.70433098 1.19411318 19.819132 19.963068 20.269709 20.475943 21.114172 
354.74399115 -9.80446298 19.179245 19.312155 19.576536 19.907808 19.838776 
354.80529216 15.47731605 16.730196 16.834047 17.108747 17.368406 17.599403 
354.88059342 -0.03232601 20.5068 20.546774 20.760471 20.756092 21.114019 
355.33157079 42.4566261 20.358803 20.227129 20.286264 20.401567 20.386623 
355.3523296 15.75307478 18.85844 18.912281 19.174219 19.396969 19.615007 
355.86069708 -0.96372822 19.658504 19.71846 19.919737 20.110355 20.280966 
355.96906939 0.45916509 20.096664 20.358011 20.536591 20.885204 20.794857 
356.58848062 -9.40421029 19.437376 19.475105 19.848095 20.087317 20.331324 
356.60545081 15.56623086 20.028877 20.01185 20.348835 20.462452 20.930536 
356.78874543 0.31612065 18.797234 19.00412 19.379572 19.648161 20.050013 
357.05845508 -9.81408519 19.203115 19.319426 19.683033 19.888493 20.255909 
357.20317011 38.29848688 17.499298 17.54933 17.833475 18.070326 18.323244 
357.34948528 42.79421412 19.252645 19.152689 19.314779 19.468487 19.638569 
358.34233682 0.44829353 19.582253 19.706575 20.087849 20.356827 20.433825 
358.54325041 -1.12464716 18.099865 18.154192 18.375711 18.568125 18.725653 
359.24254683 35.5548637 20.515602 20.569107 20.847607 21.122063 21.157394 
