V1   56446.223  11.354   0.030  56446.227  11.267   0.079
V1   56446.285  11.376   0.010  56446.293  11.317   0.050
V1   56446.336  11.394   0.003  56446.340  11.318   0.051
V1   56446.391  11.329   0.011  56446.398  11.261   0.074
V1   56446.438  11.302   0.012  56446.441  11.224   0.089
V1   56446.492  11.312   0.021  56446.496  11.248   0.076
V1   56446.543  11.358   0.016  56446.547  11.285   0.069
V1   56446.598  11.385   0.035  56446.602  11.312   0.075
V1   56446.652  11.344   0.021  56446.656  11.268   0.078
V1   56446.699  11.309   0.015  56446.703  11.240   0.063
V1   56446.746  11.295   0.029  56446.750  11.233   0.077
V1   56446.797  11.340   0.023  56446.805  11.278   0.080
V2   56446.223  10.923   0.075  56446.227  10.850   0.019
V2   56446.289  10.905   0.072  56446.289  10.863   0.023
V2   56446.336  10.988   0.070  56446.340  10.886   0.024
V2   56446.395  11.016   0.082  56446.395  10.924   0.019
V2   56446.438  11.040   0.083  56446.438  10.973   0.022
V2   56446.492  11.104   0.082  56446.492  11.036   0.018
V2   56446.543  11.210   0.084  56446.547  11.131   0.024
V2   56446.598  11.080   0.086  56446.602  11.007   0.024
V2   56446.652  11.058   0.105  56446.656  10.889   0.019
V2   56446.703  11.075   0.109  56446.703  10.861   0.018
V2   56446.746  11.071   0.114  56446.750  10.853   0.020
V2   56446.801  11.018   0.103  56446.801  10.856   0.017
V3                              56446.223  10.926   0.011
V3                              56446.289  10.955   0.016
V3                              56446.336  10.993   0.017
V3                              56446.395  11.046   0.009
V3                              56446.438  11.096   0.010
V3                              56446.492  11.153   0.005
V3                              56446.543  11.169   0.011
V3                              56446.598  10.958   0.006
V3                              56446.652  10.921   0.009
V3                              56446.699  10.914   0.004
V3                              56446.746  10.926   0.009
V3                              56446.801  10.949   0.011
V5   56446.223  10.915   0.016  56446.227  10.829   0.029
V5   56446.289  10.983   0.070  56446.289  10.863   0.045
V5   56446.336  10.972   0.042  56446.340  10.879   0.033
V5   56446.395  10.931   0.038  56446.395  10.842   0.031
V5   56446.438  10.918   0.061  56446.438  10.805   0.027
V5   56446.492  10.855   0.026  56446.496  10.760   0.028
V5   56446.543  10.859   0.059  56446.547  10.731   0.029
V5   56446.598  10.825   0.022  56446.602  10.725   0.028
V5   56446.652  10.820   0.021  56446.656  10.729   0.031
V5   56446.699  10.852   0.041  56446.703  10.737   0.028
V5   56446.746  10.844   0.020  56446.750  10.762   0.027
V5   56446.801  10.876   0.025  56446.801  10.787   0.021
V6   56446.227  11.318   0.043
V6   56446.289  11.230   0.038
V6   56446.340  11.233   0.038
V6   56446.395  11.267   0.043
V6   56446.438  11.256   0.062
V6   56446.496  11.318   0.044
V6   56446.547  11.290   0.040
V6   56446.602  11.230   0.039
V6   56446.656  11.203   0.038
V6   56446.703  11.258   0.037
V6   56446.750  11.278   0.036
V6   56446.801  11.321   0.046
V7   56446.227  11.024   0.025  56446.227  10.957   0.021
V7   56446.289  11.021   0.040  56446.293  10.924   0.019
V7   56446.340  11.016   0.038  56446.340  10.917   0.019
V7   56446.395  11.016   0.030  56446.398  10.936   0.019
V7   56446.438  11.045   0.038  56446.441  10.953   0.021
V7   56446.492  11.072   0.031  56446.496  11.004   0.020
V7   56446.547  11.140   0.042  56446.547  11.058   0.020
V7   56446.602  11.199   0.034  56446.602  11.130   0.019
V7   56446.656  11.288   0.030  56446.656  11.221   0.018
V7   56446.703  11.085   0.042  56446.707  10.979   0.011
V7   56446.750  11.019   0.030  56446.750  10.946   0.021
V7   56446.801  11.001   0.024  56446.805  10.933   0.014
V8   56446.227  11.204   0.033  56446.227  11.115   0.017
V8   56446.289  10.944   0.035  56446.293  10.863   0.010
V8   56446.336  10.943   0.045  56446.340  10.852   0.008
V8   56446.395  10.933   0.038  56446.398  10.839   0.010
V8   56446.438  10.937   0.032  56446.441  10.849   0.010
V8   56446.492  10.960   0.033  56446.496  10.877   0.011
V8   56446.547  10.990   0.042  56446.547  10.913   0.011
V8   56446.602  11.035   0.033  56446.602  10.958   0.011
V8   56446.652  11.088   0.025  56446.656  11.013   0.016
V8   56446.703  11.184   0.036  56446.707  11.117   0.012
V8   56446.746  11.104   0.039  56446.750  10.970   0.021
V8   56446.801  10.932   0.020  56446.805  10.859   0.014
V9   56446.227  10.906   0.030  56446.227  10.796   0.018
V9   56446.289  10.865   0.035  56446.293  10.773   0.032
V9   56446.336  10.851   0.034  56446.340  10.765   0.030
V9   56446.395  10.855   0.032  56446.398  10.767   0.034
V9   56446.438  10.866   0.033  56446.441  10.778   0.030
V9   56446.492  10.889   0.033  56446.496  10.803   0.027
V9   56446.547  10.925   0.037  56446.547  10.840   0.034
V9   56446.602  10.971   0.034  56446.602  10.887   0.032
V9   56446.652  11.037   0.031  56446.656  10.957   0.031
V9   56446.703  11.124   0.035  56446.707  11.051   0.033
V9   56446.746  11.109   0.030  56446.750  10.988   0.033
V9   56446.801  10.896   0.036  56446.805  10.795   0.023
V10  56446.227  11.056   0.051  56446.227  10.950   0.019
V10  56446.289  11.028   0.039  56446.293  10.946   0.015
V10  56446.340  11.021   0.027  56446.340  10.943   0.016
V10  56446.395  11.037   0.039  56446.398  10.962   0.015
V10  56446.438  11.065   0.046  56446.441  10.991   0.020
V10  56446.492  11.108   0.035  56446.496  11.034   0.019
V10  56446.547  11.153   0.036  56446.547  11.084   0.016
V10  56446.602  11.220   0.036  56446.602  11.148   0.023
V10  56446.652  11.339   0.032  56446.656  11.259   0.019
V10  56446.703  11.099   0.037  56446.707  10.988   0.016
V10  56446.750  11.049   0.043  56446.750  10.947   0.015
V10  56446.801  11.046   0.044  56446.805  10.950   0.015
V11                             56446.230  11.242   0.023
V11                             56446.293  11.008   0.022
V11                             56446.340  10.984   0.021
V11                             56446.398  10.982   0.017
V11                             56446.441  10.982   0.019
V11                             56446.496  11.002   0.021
V11                             56446.551  11.037   0.017
V11                             56446.605  11.077   0.025
V11                             56446.656  11.154   0.024
V11                             56446.707  11.232   0.021
V11                             56446.750  11.189   0.017
V11                             56446.805  10.994   0.016
V12  56446.227  11.210   0.059  56446.227  11.110   0.028
V12  56446.293  11.274   0.058  56446.293  11.181   0.018
V12  56446.340  11.339   0.037  56446.340  11.240   0.016
V12  56446.398  11.422   0.023  56446.398  11.350   0.017
V12  56446.441  11.148   0.041  56446.441  11.047   0.018
V12  56446.496  11.135   0.058  56446.496  11.036   0.025
V12  56446.547  11.142   0.052  56446.547  11.045   0.022
V12  56446.602  11.168   0.079  56446.602  11.062   0.025
V12  56446.656  11.210   0.058  56446.656  11.100   0.022
V12  56446.707  11.256   0.040  56446.703  11.147   0.014
V12  56446.750  11.331   0.119  56446.750  11.177   0.024
V12  56446.805  11.398   0.131  56446.805  11.268   0.028
V14  56446.230  11.283   0.037  56446.230  11.216   0.020
V14  56446.293  11.429   0.019  56446.293  11.320   0.055
V14  56446.344  11.167   0.081  56446.344  11.045   0.060
V14  56446.398  11.120   0.029  56446.398  11.015   0.036
V14  56446.441  11.116   0.013  56446.441  11.021   0.031
V14  56446.500  11.128          56446.496  11.039   0.020
V14  56446.551  11.161   0.017  56446.551  11.062   0.034
V14  56446.605  11.210   0.042  56446.605  11.122   0.018
V14  56446.660  11.248   0.033  56446.656  11.176   0.018
V14  56446.707  11.302   0.022  56446.707  11.217   0.029
V14  56446.754  11.458   0.112  56446.750  11.319   0.013
V14  56446.805  11.194   0.028  56446.805  11.079   0.021
V15  56446.227  11.380   0.042
V15  56446.293  11.147   0.026
V15  56446.340  11.154   0.027
V15  56446.398  11.167   0.038
V15  56446.441  11.191   0.035
V15  56446.496  11.231   0.036
V15  56446.547  11.275   0.023
V15  56446.602  11.361   0.039
V15  56446.656  11.445   0.041
V15  56446.707  11.147   0.025
V15  56446.750  11.147   0.040
V15  56446.805  11.153   0.037
V16  56446.227  10.954   0.035  56446.230  10.881   0.022
V16  56446.289  11.016   0.030  56446.293  10.933   0.009
V16  56446.340  11.100   0.033  56446.340  11.022   0.007
V16  56446.395  11.090   0.042  56446.398  10.975   0.014
V16  56446.438  10.944   0.033  56446.441  10.854   0.014
V16  56446.492  10.898   0.026  56446.496  10.817   0.017
V16  56446.547  10.877   0.029  56446.551  10.787   0.010
V16  56446.602  10.867   0.030  56446.605  10.783   0.017
V16  56446.652  10.879   0.023  56446.656  10.800   0.021
V16  56446.703  10.904   0.025  56446.707  10.813   0.010
V16  56446.750  10.927   0.035  56446.750  10.860   0.024
V16  56446.801  10.974   0.029  56446.805  10.900   0.024
V18  56446.230  10.989   0.023  56446.230  10.850   0.041
V18  56446.293  10.975   0.042  56446.293  10.863   0.042
V18  56446.340  11.004   0.041  56446.344  10.891   0.044
V18  56446.398  11.043   0.052  56446.398  10.921   0.033
V18  56446.441  11.075   0.058  56446.441  10.959   0.035
V18  56446.496  11.133   0.055  56446.496  11.005   0.037
V18  56446.551  11.230   0.050  56446.551  11.108   0.042
V18  56446.605  11.048   0.051  56446.605  10.925   0.039
V18  56446.656  10.976   0.046  56446.656  10.852   0.037
V18  56446.707  10.975   0.048  56446.707  10.853   0.042
V18  56446.754  10.956   0.029  56446.754  10.851   0.037
V18  56446.805  10.978   0.027  56446.805  10.857   0.040
V19  56446.227  11.103   0.050
V19  56446.293  11.084   0.033
V19  56446.340  11.086   0.024
V19  56446.398  11.113   0.036
V19  56446.441  11.143   0.040
V19  56446.496  11.198   0.037
V19  56446.547  11.252   0.028
V19  56446.602  11.349   0.035
V19  56446.656  11.219   0.048
V19  56446.703  11.081   0.024
V19  56446.750  11.095   0.045
V19  56446.805  11.096   0.042
V20  56446.230  11.043   0.116  56446.230  10.957   0.111
V20  56446.297  10.970   0.114  56446.293  10.915   0.090
V20  56446.344  10.953   0.103  56446.344  10.920   0.096
V20  56446.398  10.980   0.100  56446.398  10.946   0.128
V20  56446.445  11.056   0.097  56446.441  10.953   0.106
V20  56446.500  11.051   0.093  56446.496  10.941   0.086
V20  56446.551  11.054   0.098  56446.551  10.936   0.101
V20  56446.605  10.960   0.140  56446.605  10.884   0.093
V20  56446.660  11.011   0.084  56446.656  10.879   0.095
V20  56446.707  11.048   0.080  56446.707  10.943   0.107
V20  56446.754  11.001   0.101  56446.750  10.948   0.127
V20  56446.805  11.094   0.116  56446.805  10.978   0.145
V21  56446.230  10.910   0.039  56446.230  10.839   0.043
V21  56446.293  10.976   0.059  56446.293  10.929   0.055
V21  56446.344  10.768   0.052  56446.344  10.699   0.047
V21  56446.398  10.759   0.041  56446.398  10.686   0.049
V21  56446.441  10.757   0.044  56446.441  10.692   0.041
V21  56446.496  10.765   0.039  56446.496  10.698   0.039
V21  56446.551  10.774   0.050  56446.551  10.717   0.049
V21  56446.605  10.822   0.039  56446.605  10.752   0.043
V21  56446.660  10.862   0.045  56446.656  10.797   0.045
V21  56446.707  10.886   0.061  56446.707  10.840   0.050
V21  56446.754  10.967   0.048  56446.750  10.916   0.057
V21  56446.805  10.793   0.060  56446.805  10.761   0.044
V22  56446.230  10.962   0.065  56446.230  10.851   0.030
V22  56446.293  10.966   0.057  56446.293  10.888   0.023
V22  56446.344  10.924   0.050  56446.344  10.845   0.021
V22  56446.398  10.858   0.042  56446.398  10.773   0.023
V22  56446.441  10.828   0.045  56446.441  10.744   0.024
V22  56446.496  10.805   0.033  56446.496  10.719   0.027
V22  56446.551  10.788   0.053  56446.551  10.707   0.022
V22  56446.605  10.794   0.042  56446.605  10.707   0.025
V22  56446.660  10.812   0.038  56446.656  10.722   0.029
V22  56446.707  10.833   0.047  56446.707  10.746   0.021
V22  56446.754  10.885   0.044  56446.754  10.776   0.025
V22  56446.805  10.934   0.038  56446.805  10.829   0.024
V23  56446.230  11.143   0.044  56446.230  11.115   0.032
V23  56446.297  11.128   0.028  56446.293  11.068   0.024
V23  56446.344  11.100   0.036  56446.344  11.038   0.026
V23  56446.402  11.090   0.040  56446.398  11.042   0.025
V23  56446.445  11.114   0.023  56446.441  11.078   0.024
V23  56446.500  11.155   0.031  56446.496  11.115   0.020
V23  56446.551  11.160   0.034  56446.551  11.098   0.023
V23  56446.605  11.099   0.020  56446.605  11.061   0.015
V23  56446.660  11.062   0.033  56446.660  11.032   0.024
V23  56446.711  11.097   0.028  56446.707  11.043   0.021
V23  56446.754  11.147   0.044  56446.754  11.041   0.113
V23  56446.809  11.182   0.033  56446.805  11.107   0.070
V24  56446.230  10.996   0.033  56446.230  10.930   0.022
V24  56446.297  11.062   0.035  56446.293  11.000   0.028
V24  56446.344  11.138   0.037  56446.344  11.091   0.065
V24  56446.402  11.074   0.029  56446.398  11.020   0.026
V24  56446.445  10.996   0.028  56446.441  10.944   0.025
V24  56446.500  10.944   0.026  56446.496  10.887   0.019
V24  56446.551  10.923   0.042  56446.551  10.861   0.023
V24  56446.605  10.912   0.029  56446.605  10.848   0.018
V24  56446.660  10.916   0.025  56446.660  10.864   0.018
V24  56446.711  10.946   0.040  56446.707  10.879   0.023
V24  56446.754  10.992   0.046  56446.754  10.919   0.012
V24  56446.809  11.038   0.043  56446.805  10.967   0.018
V25  56446.234  10.843   0.042  56446.230  10.738   0.018
V25  56446.297  10.894   0.039  56446.293  10.788   0.016
V25  56446.348  10.938   0.047  56446.344  10.841   0.020
V25  56446.402  11.016   0.048  56446.398  10.921   0.034
V25  56446.445  11.047   0.049  56446.441  10.959   0.027
V25  56446.500  10.907   0.048  56446.496  10.826   0.026
V25  56446.555  10.836   0.031  56446.551  10.733   0.023
V25  56446.609  10.816   0.044  56446.605  10.702   0.026
V25  56446.660  10.792   0.041  56446.660  10.686   0.023
V25  56446.711  10.786   0.028  56446.707  10.681   0.020
V25  56446.758  10.798   0.032  56446.754  10.679   0.018
V25  56446.809  10.824   0.039  56446.805  10.720   0.026
V26  56446.234  10.948   0.038  56446.230  10.852   0.018
V26  56446.301  10.912   0.045  56446.297  10.796   0.067
V26  56446.348  10.913   0.042  56446.344  10.793   0.060
V26  56446.406  10.938   0.036  56446.402  10.833   0.018
V26  56446.449  10.957   0.029  56446.445  10.865   0.029
V26  56446.504  10.987   0.026  56446.500  10.886   0.023
V26  56446.555  11.011   0.044  56446.551  10.895   0.086
V26  56446.609  11.083   0.023  56446.605  10.976   0.030
V26  56446.664  11.159   0.028  56446.660  11.056   0.030
V26  56446.711  11.223   0.048  56446.707  11.104   0.102
V26  56446.758  11.000   0.023  56446.754  10.965   0.031
V26  56446.812  10.905   0.039  56446.809  10.845   0.033
V27  56446.234  10.903   0.027
V27  56446.297  10.958   0.027
V27  56446.344  11.034   0.032
V27  56446.402  11.005   0.032
V27  56446.445  10.888   0.043
V27  56446.500  10.817   0.037
V27  56446.555  10.818   0.050
V27  56446.609  10.792   0.029
V27  56446.660  10.814   0.059
V27  56446.711  10.828   0.033
V27  56446.758  10.853   0.020
V27  56446.809  10.894   0.024
V28  56446.234  11.234   0.036  56446.230  11.198   0.069
V28  56446.297  10.943   0.029  56446.293  10.840   0.014
V28  56446.348  10.954   0.031  56446.344  10.858   0.017
V28  56446.402  10.965   0.028  56446.398  10.857   0.032
V28  56446.445  10.969   0.018  56446.445  10.876   0.024
V28  56446.500  10.997   0.015  56446.500  10.905   0.027
V28  56446.555  11.073   0.044  56446.551  10.951   0.015
V28  56446.609  11.094   0.011  56446.605  10.997   0.022
V28  56446.660  11.150   0.015  56446.660  11.053   0.030
V28  56446.711  11.275   0.048  56446.707  11.151   0.010
V28  56446.758  11.249   0.025  56446.754  11.174   0.026
V28  56446.809  10.934   0.031  56446.805  10.820   0.023
V29  56446.230  10.993   0.059
V29  56446.293  11.023   0.034
V29  56446.344  11.073   0.036
V29  56446.398  11.157   0.028
V29  56446.445  11.242   0.036
V29  56446.500  11.100   0.033
V29  56446.551  10.975   0.024
V29  56446.605  10.977   0.029
V29  56446.660  10.979   0.029
V29  56446.707  10.931   0.035
V29  56446.754  11.023   0.038
V29  56446.805  11.062   0.042
V36                             56446.227  10.994   0.031
V36                             56446.289  10.887   0.027
V36                             56446.340  10.865   0.029
V36                             56446.395  10.845   0.032
V36                             56446.438  10.850   0.030
V36                             56446.492  10.866   0.031
V36                             56446.547  10.897   0.035
V36                             56446.602  10.949   0.028
V36                             56446.652  10.998   0.027
V36                             56446.703  11.090   0.029
V36                             56446.750  11.114   0.020
V36                             56446.801  10.914   0.023
V37  56446.227  11.476   0.042  56446.227  11.406   0.008
V37  56446.289  11.433   0.045  56446.293  11.361   0.030
V37  56446.340  11.457   0.048  56446.340  11.386   0.032
V37  56446.395  11.488   0.061  56446.398  11.422   0.016
V37  56446.438  11.498   0.045  56446.441  11.417   0.020
V37  56446.492  11.476   0.042  56446.496  11.395   0.015
V37  56446.547  11.446   0.042  56446.547  11.371   0.026
V37  56446.602  11.496   0.033  56446.602  11.411   0.021
V37  56446.652  11.504   0.035  56446.656  11.435   0.014
V37  56446.703  11.483   0.041  56446.707  11.406   0.028
V37  56446.750  11.457   0.039  56446.750  11.400   0.016
V37  56446.801  11.466   0.035  56446.805  11.401   0.021
V38  56446.230  10.865   0.035  56446.230  10.795   0.038
V38  56446.293  10.805   0.042  56446.293  10.713   0.035
V38  56446.344  10.790   0.040  56446.344  10.695   0.033
V38  56446.398  10.773   0.026  56446.398  10.674   0.031
V38  56446.441  10.758   0.039  56446.441  10.670   0.036
V38  56446.496  10.769   0.043  56446.496  10.682   0.035
V38  56446.551  10.800   0.048  56446.551  10.701   0.035
V38  56446.605  10.809   0.040  56446.605  10.735   0.038
V38  56446.656  10.846   0.042  56446.656  10.770   0.035
V38  56446.707  10.895   0.044  56446.707  10.825   0.035
V38  56446.754  10.951   0.038  56446.750  10.872   0.040
V38  56446.805  10.877   0.032  56446.805  10.798   0.032
V39  56446.230  10.831   0.032  56446.230  10.741   0.022
V39  56446.293  10.831   0.033  56446.293  10.751   0.028
V39  56446.344  10.853   0.033  56446.344  10.771   0.026
V39  56446.398  10.880   0.035  56446.398  10.799   0.026
V39  56446.441  10.900   0.030  56446.441  10.828   0.025
V39  56446.496  10.954   0.034  56446.496  10.873   0.024
V39  56446.551  10.996   0.038  56446.551  10.923   0.026
V39  56446.605  10.973   0.036  56446.605  10.898   0.025
V39  56446.660  10.918   0.036  56446.660  10.841   0.022
V39  56446.707  10.859   0.037  56446.707  10.790   0.024
V39  56446.754  10.861   0.055  56446.750  10.760   0.021
V39  56446.805  10.845   0.056  56446.805  10.744   0.019
V40  56446.230  10.965   0.062  56446.230  10.878   0.039
V40  56446.293  10.920   0.087  56446.293  10.814   0.029
V40  56446.344  10.896   0.074  56446.344  10.806   0.028
V40  56446.398  10.929   0.055  56446.398  10.830   0.028
V40  56446.441  10.950   0.064  56446.441  10.863   0.033
V40  56446.496  10.965   0.041  56446.496  10.887   0.033
V40  56446.551  10.978   0.065  56446.551  10.884   0.029
V40  56446.605  10.941   0.056  56446.605  10.872   0.031
V40  56446.660  10.919   0.051  56446.656  10.833   0.031
V40  56446.707  10.939   0.103  56446.707  10.813   0.025
V40  56446.754  10.909   0.062  56446.754  10.815   0.030
V40  56446.805  10.942   0.049  56446.805  10.835   0.030
V41  56446.234  11.487   0.038
V41  56446.301  11.486   0.043  56446.234  11.408   0.013
V41  56446.348  11.526   0.038  56446.297  11.413   0.016
V41  56446.406  11.552   0.044  56446.344  11.450   0.019
V41  56446.449  11.518   0.029  56446.402  11.478   0.017
V41  56446.504  11.492   0.021  56446.445  11.439   0.014
V41  56446.555  11.481   0.043  56446.500  11.407   0.019
V41  56446.609  11.563   0.024  56446.555  11.422   0.021
V41  56446.664  11.559   0.025  56446.609  11.469   0.015
V41  56446.711  11.480   0.042  56446.660  11.480   0.015
V41  56446.758  11.470   0.052  56446.711  11.424   0.020
V41  56446.812  11.495   0.037  56446.809  11.438   0.023
V42  56446.230  11.354   0.071
V42  56446.293  11.405   0.105
V42  56446.344  11.373   0.121
V42  56446.398  11.317   0.156
V42  56446.441  11.311   0.118
V42  56446.500  11.333   0.128
V42  56446.551  11.356   0.083
V42  56446.605  11.406   0.107
V42  56446.660  11.375   0.119
V42  56446.707  11.335   0.016
V42  56446.754  11.324   0.106
V42  56446.805  11.318   0.112
V49  56446.234  11.545   0.016  56446.230  11.482   0.014
V49  56446.301  11.560   0.039  56446.293  11.506   0.025
V49  56446.348  11.534   0.035  56446.344  11.479   0.028
V49  56446.406  11.519   0.024  56446.398  11.444   0.028
V49  56446.449  11.533   0.016  56446.445  11.483   0.013
V49  56446.504  11.551   0.015  56446.500  11.497   0.016
V49  56446.555  11.551   0.047  56446.551  11.486   0.025
V49  56446.609  11.505   0.032  56446.605  11.448   0.030
V49  56446.664  11.522   0.016  56446.660  11.465   0.029
V49  56446.711  11.554   0.039  56446.707  11.492   0.027
V49  56446.758  11.581   0.058  56446.754  11.502   0.048
V49  56446.812  11.532   0.050  56446.805  11.470   0.042
V52  56446.223  10.563   0.040  56446.227  10.460   0.032
V52  56446.289  10.556   0.045  56446.293  10.485   0.037
V52  56446.336  10.592   0.047  56446.340  10.513   0.039
V52  56446.395  10.628   0.045  56446.398  10.529   0.024
V52  56446.438  10.639   0.033  56446.441  10.535   0.025
V52  56446.492  10.625   0.039  56446.496  10.518   0.028
V52  56446.543  10.591   0.039  56446.547  10.510   0.039
V52  56446.598  10.564   0.032  56446.602  10.460   0.027
V52  56446.652  10.536   0.032  56446.656  10.434   0.026
V52  56446.699  10.495   0.035  56446.707  10.424   0.038
V52  56446.746  10.510   0.019  56446.750  10.409   0.026
V52  56446.801  10.500   0.031  56446.805  10.394   0.026
V61  56446.227  11.506   0.048  56446.227  11.411   0.017
V61  56446.289  11.485   0.058  56446.293  11.373   0.007
V61  56446.336  11.480   0.056  56446.340  11.372   0.003
V61  56446.395  11.498   0.053  56446.398  11.389   0.011
V61  56446.438  11.519   0.053  56446.441  11.403   0.013
V61  56446.492  11.523   0.044  56446.496  11.406   0.020
V61  56446.547  11.484   0.057  56446.547  11.382   0.012
V61  56446.602  11.480   0.050  56446.602  11.370   0.021
V61  56446.652  11.500   0.051  56446.656  11.398   0.023
V61  56446.703  11.524   0.049  56446.707  11.404   0.009
V61  56446.746  11.515   0.055  56446.750  11.424   0.029
V61  56446.801  11.496   0.058  56446.805  11.414   0.020
C1   56446.230  11.308   0.107  56446.230  11.207   0.091
C1   56446.293  11.272   0.085  56446.293  11.130   0.121
C1   56446.344  11.266   0.114  56446.344  11.164   0.144
C1   56446.398  11.332   0.088  56446.398  11.230   0.088
C1   56446.441  11.334   0.095  56446.441  11.232   0.131
C1   56446.496  11.343   0.092  56446.496  11.204   0.065
C1   56446.551  11.299   0.090  56446.551  11.141   0.148
C1   56446.605  11.292   0.094  56446.605  11.170   0.088
C1   56446.660  11.315   0.114  56446.656  11.205   0.085
C1   56446.707  11.355   0.099  56446.707  11.205   0.137
C1   56446.754  11.349   0.113  56446.754  11.272   0.095
C1   56446.805  11.276   0.104  56446.805  11.197   0.112
